0.0000000000000	2.0000000000000
0.0005000000000	1.9999923921966
0.0010000000000	1.9999681980744
0.0015000000000	1.9999274178430
0.0020000000000	1.9998700518634
0.0025000000000	1.9997961006484
0.0030000000000	1.9997055648618
0.0035000000000	1.9995984453192
0.0040000000000	1.9994747429876
0.0045000000000	1.9993344589854
0.0050000000000	1.9991775945824
0.0055000000000	1.9990041511997
0.0060000000000	1.9988141304100
0.0065000000000	1.9986075339372
0.0070000000000	1.9983843636566
0.0075000000000	1.9981446215946
0.0080000000000	1.9978883099291
0.0085000000000	1.9976154309892
0.0090000000000	1.9973259872549
0.0095000000000	1.9970199813577
0.0100000000000	1.9966974160800
0.0105000000000	1.9963582943554
0.0110000000000	1.9960026192683
0.0115000000000	1.9956303940544
0.0120000000000	1.9952416220999
0.0125000000000	1.9948363069422
0.0130000000000	1.9944144522694
0.0135000000000	1.9939760619202
0.0140000000000	1.9935211398842
0.0145000000000	1.9930496903015
0.0150000000000	1.9925617174628
0.0155000000000	1.9920572258092
0.0160000000000	1.9915362199322
0.0165000000000	1.9909987045740
0.0170000000000	1.9904446846265
0.0175000000000	1.9898741651322
0.0180000000000	1.9892871512835
0.0185000000000	1.9886836484230
0.0190000000000	1.9880636620431
0.0195000000000	1.9874271977861
0.0200000000000	1.9867742614441
0.0205000000000	1.9861048589588
0.0210000000000	1.9854189964216
0.0215000000000	1.9847166800731
0.0220000000000	1.9839979163036
0.0225000000000	1.9832627116526
0.0230000000000	1.9825110728087
0.0235000000000	1.9817430066095
0.0240000000000	1.9809585200419
0.0245000000000	1.9801576202412
0.0250000000000	1.9793403144917
0.0255000000000	1.9785066102265
0.0260000000000	1.9776565150267
0.0265000000000	1.9767900366223
0.0270000000000	1.9759071828913
0.0275000000000	1.9750079618598
0.0280000000000	1.9740923817021
0.0285000000000	1.9731604507403
0.0290000000000	1.9722121774442
0.0295000000000	1.9712475704313
0.0300000000000	1.9702666384665
0.0305000000000	1.9692693904622
0.0310000000000	1.9682558354780
0.0315000000000	1.9672259827202
0.0320000000000	1.9661798415426
0.0325000000000	1.9651174214453
0.0330000000000	1.9640387320752
0.0335000000000	1.9629437832259
0.0340000000000	1.9618325848368
0.0345000000000	1.9607051469940
0.0350000000000	1.9595614799294
0.0355000000000	1.9584015940206
0.0360000000000	1.9572254997910
0.0365000000000	1.9560332079097
0.0370000000000	1.9548247291909
0.0375000000000	1.9536000745941
0.0380000000000	1.9523592552239
0.0385000000000	1.9511022823295
0.0390000000000	1.9498291673051
0.0395000000000	1.9485399216890
0.0400000000000	1.9472345571643
0.0405000000000	1.9459130855578
0.0410000000000	1.9445755188404
0.0415000000000	1.9432218691270
0.0420000000000	1.9418521486756
0.0425000000000	1.9404663698880
0.0430000000000	1.9390645453090
0.0435000000000	1.9376466876265
0.0440000000000	1.9362128096712
0.0445000000000	1.9347629244162
0.0450000000000	1.9332970449774
0.0455000000000	1.9318151846126
0.0460000000000	1.9303173567217
0.0465000000000	1.9288035748464
0.0470000000000	1.9272738526700
0.0475000000000	1.9257282040172
0.0480000000000	1.9241666428538
0.0485000000000	1.9225891832867
0.0490000000000	1.9209958395634
0.0495000000000	1.9193866260720
0.0500000000000	1.9177615573408
0.0505000000000	1.9161206480384
0.0510000000000	1.9144639129731
0.0515000000000	1.9127913670928
0.0520000000000	1.9111030254849
0.0525000000000	1.9093989033760
0.0530000000000	1.9076790161316
0.0535000000000	1.9059433792559
0.0540000000000	1.9041920083917
0.0545000000000	1.9024249193199
0.0550000000000	1.9006421279595
0.0555000000000	1.8988436503672
0.0560000000000	1.8970295027374
0.0565000000000	1.8951997014015
0.0570000000000	1.8933542628281
0.0575000000000	1.8914932036227
0.0580000000000	1.8896165405272
0.0585000000000	1.8877242904198
0.0590000000000	1.8858164703148
0.0595000000000	1.8838930973623
0.0600000000000	1.8819541888478
0.0605000000000	1.8799997621922
0.0610000000000	1.8780298349514
0.0615000000000	1.8760444248160
0.0620000000000	1.8740435496112
0.0625000000000	1.8720272272963
0.0630000000000	1.8699954759646
0.0635000000000	1.8679483138432
0.0640000000000	1.8658857592924
0.0645000000000	1.8638078308060
0.0650000000000	1.8617145470102
0.0655000000000	1.8596059266644
0.0660000000000	1.8574819886598
0.0665000000000	1.8553427520199
0.0670000000000	1.8531882359001
0.0675000000000	1.8510184595870
0.0680000000000	1.8488334424986
0.0685000000000	1.8466332041839
0.0690000000000	1.8444177643223
0.0695000000000	1.8421871427239
0.0700000000000	1.8399413593285
0.0705000000000	1.8376804342060
0.0710000000000	1.8354043875557
0.0715000000000	1.8331132397059
0.0720000000000	1.8308070111141
0.0725000000000	1.8284857223663
0.0730000000000	1.8261493941768
0.0735000000000	1.8237980473880
0.0740000000000	1.8214317029698
0.0745000000000	1.8190503820197
0.0750000000000	1.8166541057624
0.0755000000000	1.8142428955492
0.0760000000000	1.8118167728581
0.0765000000000	1.8093757592932
0.0770000000000	1.8069198765845
0.0775000000000	1.8044491465876
0.0780000000000	1.8019635912834
0.0785000000000	1.7994632327777
0.0790000000000	1.7969480933011
0.0795000000000	1.7944181952084
0.0800000000000	1.7918735609784
0.0805000000000	1.7893142132138
0.0810000000000	1.7867401746405
0.0815000000000	1.7841514681076
0.0820000000000	1.7815481165869
0.0825000000000	1.7789301431726
0.0830000000000	1.7762975710810
0.0835000000000	1.7736504236504
0.0840000000000	1.7709887243402
0.0845000000000	1.7683124967312
0.0850000000000	1.7656217645251
0.0855000000000	1.7629165515437
0.0860000000000	1.7601968817293
0.0865000000000	1.7574627791439
0.0870000000000	1.7547142679690
0.0875000000000	1.7519513725053
0.0880000000000	1.7491741171721
0.0885000000000	1.7463825265077
0.0890000000000	1.7435766251679
0.0895000000000	1.7407564379269
0.0900000000000	1.7379219896761
0.0905000000000	1.7350733054240
0.0910000000000	1.7322104102961
0.0915000000000	1.7293333295343
0.0920000000000	1.7264420884964
0.0925000000000	1.7235367126564
0.0930000000000	1.7206172276035
0.0935000000000	1.7176836590419
0.0940000000000	1.7147360327907
0.0945000000000	1.7117743747835
0.0950000000000	1.7087987110677
0.0955000000000	1.7058090678046
0.0960000000000	1.7028054712689
0.0965000000000	1.6997879478482
0.0970000000000	1.6967565240427
0.0975000000000	1.6937112264652
0.0980000000000	1.6906520818402
0.0985000000000	1.6875791170040
0.0990000000000	1.6844923589039
0.0995000000000	1.6813918345984
0.1000000000000	1.6782775712564
0.1005000000000	1.6751495961571
0.1010000000000	1.6720079366893
0.1015000000000	1.6688526203516
0.1020000000000	1.6656836747516
0.1025000000000	1.6625011276056
0.1030000000000	1.6593050067383
0.1035000000000	1.6560953400826
0.1040000000000	1.6528721556791
0.1045000000000	1.6496354816755
0.1050000000000	1.6463853463268
0.1055000000000	1.6431217779943
0.1060000000000	1.6398448051457
0.1065000000000	1.6365544563546
0.1070000000000	1.6332507603002
0.1075000000000	1.6299337457666
0.1080000000000	1.6266034416429
0.1085000000000	1.6232598769227
0.1090000000000	1.6199030807034
0.1095000000000	1.6165330821864
0.1100000000000	1.6131499106761
0.1105000000000	1.6097535955803
0.1110000000000	1.6063441664089
0.1115000000000	1.6029216527745
0.1120000000000	1.5994860843913
0.1125000000000	1.5960374910750
0.1130000000000	1.5925759027424
0.1135000000000	1.5891013494113
0.1140000000000	1.5856138611996
0.1145000000000	1.5821134683255
0.1150000000000	1.5786002011065
0.1155000000000	1.5750740899596
0.1160000000000	1.5715351654008
0.1165000000000	1.5679834580444
0.1170000000000	1.5644189986030
0.1175000000000	1.5608418178870
0.1180000000000	1.5572519468040
0.1185000000000	1.5536494163591
0.1190000000000	1.5500342576536
0.1195000000000	1.5464065018854
0.1200000000000	1.5427661803482
0.1205000000000	1.5391133244312
0.1210000000000	1.5354479656190
0.1215000000000	1.5317701354909
0.1220000000000	1.5280798657204
0.1225000000000	1.5243771880754
0.1230000000000	1.5206621344173
0.1235000000000	1.5169347367009
0.1240000000000	1.5131950269738
0.1245000000000	1.5094430373763
0.1250000000000	1.5056788001409
0.1255000000000	1.5019023475917
0.1260000000000	1.4981137121444
0.1265000000000	1.4943129263058
0.1270000000000	1.4905000226733
0.1275000000000	1.4866750339346
0.1280000000000	1.4828379928673
0.1285000000000	1.4789889323386
0.1290000000000	1.4751278853051
0.1295000000000	1.4712548848117
0.1300000000000	1.4673699639922
0.1305000000000	1.4634731560683
0.1310000000000	1.4595644943493
0.1315000000000	1.4556440122318
0.1320000000000	1.4517117431994
0.1325000000000	1.4477677208224
0.1330000000000	1.4438119787569
0.1335000000000	1.4398445507451
0.1340000000000	1.4358654706146
0.1345000000000	1.4318747722778
0.1350000000000	1.4278724897322
0.1355000000000	1.4238586570592
0.1360000000000	1.4198333084244
0.1365000000000	1.4157964780767
0.1370000000000	1.4117482003484
0.1375000000000	1.4076885096545
0.1380000000000	1.4036174404924
0.1385000000000	1.3995350274416
0.1390000000000	1.3954413051633
0.1395000000000	1.3913363083999
0.1400000000000	1.3872200719748
0.1405000000000	1.3830926307921
0.1410000000000	1.3789540198357
0.1415000000000	1.3748042741696
0.1420000000000	1.3706434289373
0.1425000000000	1.3664715193612
0.1430000000000	1.3622885807423
0.1435000000000	1.3580946484602
0.1440000000000	1.3538897579722
0.1445000000000	1.3496739448134
0.1450000000000	1.3454472445958
0.1455000000000	1.3412096930085
0.1460000000000	1.3369613258169
0.1465000000000	1.3327021788627
0.1470000000000	1.3284322880630
0.1475000000000	1.3241516894106
0.1480000000000	1.3198604189730
0.1485000000000	1.3155585128924
0.1490000000000	1.3112460073853
0.1495000000000	1.3069229387421
0.1500000000000	1.3025893433265
0.1505000000000	1.2982452575757
0.1510000000000	1.2938907179992
0.1515000000000	1.2895257611793
0.1520000000000	1.2851504237702
0.1525000000000	1.2807647424977
0.1530000000000	1.2763687541590
0.1535000000000	1.2719624956223
0.1540000000000	1.2675460038261
0.1545000000000	1.2631193157793
0.1550000000000	1.2586824685608
0.1555000000000	1.2542354993187
0.1560000000000	1.2497784452704
0.1565000000000	1.2453113437019
0.1570000000000	1.2408342319677
0.1575000000000	1.2363471474904
0.1580000000000	1.2318501277601
0.1585000000000	1.2273432103343
0.1590000000000	1.2228264328375
0.1595000000000	1.2182998329607
0.1600000000000	1.2137634484611
0.1605000000000	1.2092173171619
0.1610000000000	1.2046614769517
0.1615000000000	1.2000959657843
0.1620000000000	1.1955208216782
0.1625000000000	1.1909360827166
0.1630000000000	1.1863417870465
0.1635000000000	1.1817379728788
0.1640000000000	1.1771246784876
0.1645000000000	1.1725019422102
0.1650000000000	1.1678698024465
0.1655000000000	1.1632282976587
0.1660000000000	1.1585774663709
0.1665000000000	1.1539173471689
0.1670000000000	1.1492479786996
0.1675000000000	1.1445693996711
0.1680000000000	1.1398816488517
0.1685000000000	1.1351847650702
0.1690000000000	1.1304787872150
0.1695000000000	1.1257637542342
0.1700000000000	1.1210397051349
0.1705000000000	1.1163066789831
0.1710000000000	1.1115647149032
0.1715000000000	1.1068138520778
0.1720000000000	1.1020541297472
0.1725000000000	1.0972855872092
0.1730000000000	1.0925082638185
0.1735000000000	1.0877221989867
0.1740000000000	1.0829274321818
0.1745000000000	1.0781240029277
0.1750000000000	1.0733119508041
0.1755000000000	1.0684913154461
0.1760000000000	1.0636621365438
0.1765000000000	1.0588244538420
0.1770000000000	1.0539783071397
0.1775000000000	1.0491237362901
0.1780000000000	1.0442607812000
0.1785000000000	1.0393894818296
0.1790000000000	1.0345098781919
0.1795000000000	1.0296220103527
0.1800000000000	1.0247259184301
0.1805000000000	1.0198216425943
0.1810000000000	1.0149092230671
0.1815000000000	1.0099887001213
0.1820000000000	1.0050601140813
0.1825000000000	1.0001235053216
0.1830000000000	0.9951789142675
0.1835000000000	0.9902263813938
0.1840000000000	0.9852659472254
0.1845000000000	0.9802976523363
0.1850000000000	0.9753215373497
0.1855000000000	0.9703376429372
0.1860000000000	0.9653460098191
0.1865000000000	0.9603466787635
0.1870000000000	0.9553396905862
0.1875000000000	0.9503250861506
0.1880000000000	0.9453029063669
0.1885000000000	0.9402731921923
0.1890000000000	0.9352359846301
0.1895000000000	0.9301913247299
0.1900000000000	0.9251392535872
0.1905000000000	0.9200798123426
0.1910000000000	0.9150130421821
0.1915000000000	0.9099389843364
0.1920000000000	0.9048576800808
0.1925000000000	0.8997691707347
0.1930000000000	0.8946734976613
0.1935000000000	0.8895707022676
0.1940000000000	0.8844608260034
0.1945000000000	0.8793439103619
0.1950000000000	0.8742199968785
0.1955000000000	0.8690891271312
0.1960000000000	0.8639513427399
0.1965000000000	0.8588066853660
0.1970000000000	0.8536551967124
0.1975000000000	0.8484969185231
0.1980000000000	0.8433318925827
0.1985000000000	0.8381601607163
0.1990000000000	0.8329817647893
0.1995000000000	0.8277967467065
0.2000000000000	0.8226051484126
0.2005000000000	0.8174070118914
0.2010000000000	0.8122023791654
0.2015000000000	0.8069912922960
0.2020000000000	0.8017737933828
0.2025000000000	0.7965499245632
0.2030000000000	0.7913197280126
0.2035000000000	0.7860832459435
0.2040000000000	0.7808405206058
0.2045000000000	0.7755915942858
0.2050000000000	0.7703365093067
0.2055000000000	0.7650753080276
0.2060000000000	0.7598080328436
0.2065000000000	0.7545347261854
0.2070000000000	0.7492554305191
0.2075000000000	0.7439701883456
0.2080000000000	0.7386790422007
0.2085000000000	0.7333820346545
0.2090000000000	0.7280792083113
0.2095000000000	0.7227706058093
0.2100000000000	0.7174562698201
0.2105000000000	0.7121362430486
0.2110000000000	0.7068105682328
0.2115000000000	0.7014792881431
0.2120000000000	0.6961424455826
0.2125000000000	0.6908000833862
0.2130000000000	0.6854522444209
0.2135000000000	0.6800989715851
0.2140000000000	0.6747403078083
0.2145000000000	0.6693762960512
0.2150000000000	0.6640069793049
0.2155000000000	0.6586324005913
0.2160000000000	0.6532526029619
0.2165000000000	0.6478676294984
0.2170000000000	0.6424775233119
0.2175000000000	0.6370823275427
0.2180000000000	0.6316820853602
0.2185000000000	0.6262768399625
0.2190000000000	0.6208666345760
0.2195000000000	0.6154515124553
0.2200000000000	0.6100315168829
0.2205000000000	0.6046066911688
0.2210000000000	0.5991770786505
0.2215000000000	0.5937427226924
0.2220000000000	0.5883036666856
0.2225000000000	0.5828599540478
0.2230000000000	0.5774116282228
0.2235000000000	0.5719587326805
0.2240000000000	0.5665013109163
0.2245000000000	0.5610394064512
0.2250000000000	0.5555730628311
0.2255000000000	0.5501023236268
0.2260000000000	0.5446272324339
0.2265000000000	0.5391478328721
0.2270000000000	0.5336641685852
0.2275000000000	0.5281762832407
0.2280000000000	0.5226842205298
0.2285000000000	0.5171880241667
0.2290000000000	0.5116877378889
0.2295000000000	0.5061834054563
0.2300000000000	0.5006750706513
0.2305000000000	0.4951627772788
0.2310000000000	0.4896465691652
0.2315000000000	0.4841264901587
0.2320000000000	0.4786025841290
0.2325000000000	0.4730748949668
0.2330000000000	0.4675434665838
0.2335000000000	0.4620083429121
0.2340000000000	0.4564695679044
0.2345000000000	0.4509271855333
0.2350000000000	0.4453812397914
0.2355000000000	0.4398317746905
0.2360000000000	0.4342788342622
0.2365000000000	0.4287224625568
0.2370000000000	0.4231627036436
0.2375000000000	0.4175996016103
0.2380000000000	0.4120332005629
0.2385000000000	0.4064635446255
0.2390000000000	0.4008906779399
0.2395000000000	0.3953146446655
0.2400000000000	0.3897354889788
0.2405000000000	0.3841532550735
0.2410000000000	0.3785679871599
0.2415000000000	0.3729797294649
0.2420000000000	0.3673885262316
0.2425000000000	0.3617944217191
0.2430000000000	0.3561974602022
0.2435000000000	0.3505976859713
0.2440000000000	0.3449951433320
0.2445000000000	0.3393898766047
0.2450000000000	0.3337819301250
0.2455000000000	0.3281713482424
0.2460000000000	0.3225581753212
0.2465000000000	0.3169424557393
0.2470000000000	0.3113242338885
0.2475000000000	0.3057035541741
0.2480000000000	0.3000804610147
0.2485000000000	0.2944549988417
0.2490000000000	0.2888272120995
0.2495000000000	0.2831971452449
0.2500000000000	0.2775648427469
0.2505000000000	0.2719303490866
0.2510000000000	0.2662937087569
0.2515000000000	0.2606549662622
0.2520000000000	0.2550141661181
0.2525000000000	0.2493713528513
0.2530000000000	0.2437265709994
0.2535000000000	0.2380798651104
0.2540000000000	0.2324312797426
0.2545000000000	0.2267808594646
0.2550000000000	0.2211286488545
0.2555000000000	0.2154746925001
0.2560000000000	0.2098190349987
0.2565000000000	0.2041617209564
0.2570000000000	0.1985027949885
0.2575000000000	0.1928423017186
0.2580000000000	0.1871802857788
0.2585000000000	0.1815167918094
0.2590000000000	0.1758518644585
0.2595000000000	0.1701855483818
0.2600000000000	0.1645178882426
0.2605000000000	0.1588489287111
0.2610000000000	0.1531787144647
0.2615000000000	0.1475072901873
0.2620000000000	0.1418347005693
0.2625000000000	0.1361609903074
0.2630000000000	0.1304862041042
0.2635000000000	0.1248103866679
0.2640000000000	0.1191335827125
0.2645000000000	0.1134558369570
0.2650000000000	0.1077771941256
0.2655000000000	0.1020976989470
0.2660000000000	0.0964173961548
0.2665000000000	0.0907363304867
0.2670000000000	0.0850545466844
0.2675000000000	0.0793720894937
0.2680000000000	0.0736890036637
0.2685000000000	0.0680053339470
0.2690000000000	0.0623211250993
0.2695000000000	0.0566364218792
0.2700000000000	0.0509512690479
0.2705000000000	0.0452657113690
0.2710000000000	0.0395797936083
0.2715000000000	0.0338935605336
0.2720000000000	0.0282070569143
0.2725000000000	0.0225203275212
0.2730000000000	0.0168334171265
0.2735000000000	0.0111463705032
0.2740000000000	0.0054592324252
0.2745000000000	-0.0002279523332
0.2750000000000	-0.0059151389973
0.2755000000000	-0.0116022827925
0.2760000000000	-0.0172893389443
0.2765000000000	-0.0229762626787
0.2770000000000	-0.0286630092222
0.2775000000000	-0.0343495338026
0.2780000000000	-0.0400357916483
0.2785000000000	-0.0457217379896
0.2790000000000	-0.0514073280580
0.2795000000000	-0.0570925170872
0.2800000000000	-0.0627772603128
0.2805000000000	-0.0684615129726
0.2810000000000	-0.0741452303073
0.2815000000000	-0.0798283675602
0.2820000000000	-0.0855108799776
0.2825000000000	-0.0911927228092
0.2830000000000	-0.0968738513081
0.2835000000000	-0.1025542207312
0.2840000000000	-0.1082337863394
0.2845000000000	-0.1139125033979
0.2850000000000	-0.1195903271762
0.2855000000000	-0.1252672129486
0.2860000000000	-0.1309431159943
0.2865000000000	-0.1366179915978
0.2870000000000	-0.1422917950488
0.2875000000000	-0.1479644816429
0.2880000000000	-0.1536360066813
0.2885000000000	-0.1593063254717
0.2890000000000	-0.1649753933279
0.2895000000000	-0.1706431655703
0.2900000000000	-0.1763095975264
0.2905000000000	-0.1819746445305
0.2910000000000	-0.1876382619244
0.2915000000000	-0.1933004050574
0.2920000000000	-0.1989610292867
0.2925000000000	-0.2046200899774
0.2930000000000	-0.2102775425032
0.2935000000000	-0.2159333422459
0.2940000000000	-0.2215874445963
0.2945000000000	-0.2272398049544
0.2950000000000	-0.2328903787291
0.2955000000000	-0.2385391213390
0.2960000000000	-0.2441859882125
0.2965000000000	-0.2498309347878
0.2970000000000	-0.2554739165135
0.2975000000000	-0.2611148888486
0.2980000000000	-0.2667538072628
0.2985000000000	-0.2723906272367
0.2990000000000	-0.2780253042623
0.2995000000000	-0.2836577938429
0.3000000000000	-0.2892880514936
0.3005000000000	-0.2949160327412
0.3010000000000	-0.3005416931249
0.3015000000000	-0.3061649881964
0.3020000000000	-0.3117858735198
0.3025000000000	-0.3174043046725
0.3030000000000	-0.3230202372446
0.3035000000000	-0.3286336268400
0.3040000000000	-0.3342444290762
0.3045000000000	-0.3398525995844
0.3050000000000	-0.3454580940103
0.3055000000000	-0.3510608680137
0.3060000000000	-0.3566608772692
0.3065000000000	-0.3622580774664
0.3070000000000	-0.3678524243099
0.3075000000000	-0.3734438735198
0.3080000000000	-0.3790323808318
0.3085000000000	-0.3846179019976
0.3090000000000	-0.3902003927851
0.3095000000000	-0.3957798089784
0.3100000000000	-0.4013561063786
0.3105000000000	-0.4069292408034
0.3110000000000	-0.4124991680879
0.3115000000000	-0.4180658440845
0.3120000000000	-0.4236292246635
0.3125000000000	-0.4291892657130
0.3130000000000	-0.4347459231391
0.3135000000000	-0.4402991528668
0.3140000000000	-0.4458489108395
0.3145000000000	-0.4513951530196
0.3150000000000	-0.4569378353888
0.3155000000000	-0.4624769139483
0.3160000000000	-0.4680123447191
0.3165000000000	-0.4735440837420
0.3170000000000	-0.4790720870782
0.3175000000000	-0.4845963108095
0.3180000000000	-0.4901167110384
0.3185000000000	-0.4956332438885
0.3190000000000	-0.5011458655045
0.3195000000000	-0.5066545320531
0.3200000000000	-0.5121591997224
0.3205000000000	-0.5176598247228
0.3210000000000	-0.5231563632872
0.3215000000000	-0.5286487716709
0.3220000000000	-0.5341370061522
0.3225000000000	-0.5396210230326
0.3230000000000	-0.5451007786369
0.3235000000000	-0.5505762293138
0.3240000000000	-0.5560473314358
0.3245000000000	-0.5615140413997
0.3250000000000	-0.5669763156267
0.3255000000000	-0.5724341105631
0.3260000000000	-0.5778873826797
0.3265000000000	-0.5833360884732
0.3270000000000	-0.5887801844656
0.3275000000000	-0.5942196272046
0.3280000000000	-0.5996543732643
0.3285000000000	-0.6050843792452
0.3290000000000	-0.6105096017743
0.3295000000000	-0.6159299975057
0.3300000000000	-0.6213455231207
0.3305000000000	-0.6267561353281
0.3310000000000	-0.6321617908645
0.3315000000000	-0.6375624464945
0.3320000000000	-0.6429580590111
0.3325000000000	-0.6483485852358
0.3330000000000	-0.6537339820194
0.3335000000000	-0.6591142062413
0.3340000000000	-0.6644892148107
0.3345000000000	-0.6698589646666
0.3350000000000	-0.6752234127779
0.3355000000000	-0.6805825161437
0.3360000000000	-0.6859362317939
0.3365000000000	-0.6912845167892
0.3370000000000	-0.6966273282214
0.3375000000000	-0.7019646232138
0.3380000000000	-0.7072963589214
0.3385000000000	-0.7126224925313
0.3390000000000	-0.7179429812629
0.3395000000000	-0.7232577823680
0.3400000000000	-0.7285668531316
0.3405000000000	-0.7338701508715
0.3410000000000	-0.7391676329394
0.3415000000000	-0.7444592567205
0.3420000000000	-0.7497449796339
0.3425000000000	-0.7550247591334
0.3430000000000	-0.7602985527072
0.3435000000000	-0.7655663178785
0.3440000000000	-0.7708280122057
0.3445000000000	-0.7760835932827
0.3450000000000	-0.7813330187394
0.3455000000000	-0.7865762462415
0.3460000000000	-0.7918132334914
0.3465000000000	-0.7970439382281
0.3470000000000	-0.8022683182275
0.3475000000000	-0.8074863313029
0.3480000000000	-0.8126979353054
0.3485000000000	-0.8179030881237
0.3490000000000	-0.8231017476849
0.3495000000000	-0.8282938719545
0.3500000000000	-0.8334794189370
0.3505000000000	-0.8386583466759
0.3510000000000	-0.8438306132541
0.3515000000000	-0.8489961767944
0.3520000000000	-0.8541549954594
0.3525000000000	-0.8593070274522
0.3530000000000	-0.8644522310167
0.3535000000000	-0.8695905644374
0.3540000000000	-0.8747219860405
0.3545000000000	-0.8798464541935
0.3550000000000	-0.8849639273059
0.3555000000000	-0.8900743638294
0.3560000000000	-0.8951777222582
0.3565000000000	-0.9002739611294
0.3570000000000	-0.9053630390232
0.3575000000000	-0.9104449145634
0.3580000000000	-0.9155195464173
0.3585000000000	-0.9205868932965
0.3590000000000	-0.9256469139571
0.3595000000000	-0.9306995671998
0.3600000000000	-0.9357448118703
0.3605000000000	-0.9407826068598
0.3610000000000	-0.9458129111052
0.3615000000000	-0.9508356835893
0.3620000000000	-0.9558508833412
0.3625000000000	-0.9608584694370
0.3630000000000	-0.9658584009993
0.3635000000000	-0.9708506371984
0.3640000000000	-0.9758351372519
0.3645000000000	-0.9808118604257
0.3650000000000	-0.9857807660338
0.3655000000000	-0.9907418134386
0.3660000000000	-0.9956949620519
0.3665000000000	-1.0006401713343
0.3670000000000	-1.0055774007964
0.3675000000000	-1.0105066099983
0.3680000000000	-1.0154277585508
0.3685000000000	-1.0203408061149
0.3690000000000	-1.0252457124027
0.3695000000000	-1.0301424371775
0.3700000000000	-1.0350309402543
0.3705000000000	-1.0399111814997
0.3710000000000	-1.0447831208329
0.3715000000000	-1.0496467182256
0.3720000000000	-1.0545019337021
0.3725000000000	-1.0593487273405
0.3730000000000	-1.0641870592720
0.3735000000000	-1.0690168896819
0.3740000000000	-1.0738381788100
0.3745000000000	-1.0786508869503
0.3750000000000	-1.0834549744521
0.3755000000000	-1.0882504017198
0.3760000000000	-1.0930371292134
0.3765000000000	-1.0978151174490
0.3770000000000	-1.1025843269989
0.3775000000000	-1.1073447184922
0.3780000000000	-1.1120962526148
0.3785000000000	-1.1168388901102
0.3790000000000	-1.1215725917793
0.3795000000000	-1.1262973184813
0.3800000000000	-1.1310130311336
0.3805000000000	-1.1357196907124
0.3810000000000	-1.1404172582529
0.3815000000000	-1.1451056948500
0.3820000000000	-1.1497849616580
0.3825000000000	-1.1544550198916
0.3830000000000	-1.1591158308258
0.3835000000000	-1.1637673557965
0.3840000000000	-1.1684095562009
0.3845000000000	-1.1730423934974
0.3850000000000	-1.1776658292066
0.3855000000000	-1.1822798249112
0.3860000000000	-1.1868843422565
0.3865000000000	-1.1914793429508
0.3870000000000	-1.1960647887655
0.3875000000000	-1.2006406415360
0.3880000000000	-1.2052068631613
0.3885000000000	-1.2097634156051
0.3890000000000	-1.2143102608956
0.3895000000000	-1.2188473611262
0.3900000000000	-1.2233746784557
0.3905000000000	-1.2278921751088
0.3910000000000	-1.2323998133761
0.3915000000000	-1.2368975556149
0.3920000000000	-1.2413853642494
0.3925000000000	-1.2458632017709
0.3930000000000	-1.2503310307384
0.3935000000000	-1.2547888137789
0.3940000000000	-1.2592365135876
0.3945000000000	-1.2636740929284
0.3950000000000	-1.2681015146343
0.3955000000000	-1.2725187416076
0.3960000000000	-1.2769257368206
0.3965000000000	-1.2813224633155
0.3970000000000	-1.2857088842052
0.3975000000000	-1.2900849626732
0.3980000000000	-1.2944506619745
0.3985000000000	-1.2988059454356
0.3990000000000	-1.3031507764549
0.3995000000000	-1.3074851185033
0.4000000000000	-1.3118089351241
0.4005000000000	-1.3161221899340
0.4010000000000	-1.3204248466230
0.4015000000000	-1.3247168689547
0.4020000000000	-1.3289982207673
0.4025000000000	-1.3332688659733
0.4030000000000	-1.3375287685599
0.4035000000000	-1.3417778925900
0.4040000000000	-1.3460162022019
0.4045000000000	-1.3502436616099
0.4050000000000	-1.3544602351048
0.4055000000000	-1.3586658870541
0.4060000000000	-1.3628605819025
0.4065000000000	-1.3670442841722
0.4070000000000	-1.3712169584632
0.4075000000000	-1.3753785694537
0.4080000000000	-1.3795290819007
0.4085000000000	-1.3836684606402
0.4090000000000	-1.3877966705872
0.4095000000000	-1.3919136767370
0.4100000000000	-1.3960194441646
0.4105000000000	-1.4001139380257
0.4110000000000	-1.4041971235567
0.4115000000000	-1.4082689660753
0.4120000000000	-1.4123294309809
0.4125000000000	-1.4163784837547
0.4130000000000	-1.4204160899605
0.4135000000000	-1.4244422152447
0.4140000000000	-1.4284568253367
0.4145000000000	-1.4324598860496
0.4150000000000	-1.4364513632802
0.4155000000000	-1.4404312230097
0.4160000000000	-1.4443994313036
0.4165000000000	-1.4483559543128
0.4170000000000	-1.4523007582732
0.4175000000000	-1.4562338095067
0.4180000000000	-1.4601550744211
0.4185000000000	-1.4640645195108
0.4190000000000	-1.4679621113570
0.4195000000000	-1.4718478166283
0.4200000000000	-1.4757216020808
0.4205000000000	-1.4795834345585
0.4210000000000	-1.4834332809939
0.4215000000000	-1.4872711084083
0.4220000000000	-1.4910968839118
0.4225000000000	-1.4949105747044
0.4230000000000	-1.4987121480758
0.4235000000000	-1.5025015714058
0.4240000000000	-1.5062788121651
0.4245000000000	-1.5100438379152
0.4250000000000	-1.5137966163090
0.4255000000000	-1.5175371150912
0.4260000000000	-1.5212653020986
0.4265000000000	-1.5249811452606
0.4270000000000	-1.5286846125993
0.4275000000000	-1.5323756722301
0.4280000000000	-1.5360542923621
0.4285000000000	-1.5397204412983
0.4290000000000	-1.5433740874362
0.4295000000000	-1.5470151992680
0.4300000000000	-1.5506437453810
0.4305000000000	-1.5542596944579
0.4310000000000	-1.5578630152775
0.4315000000000	-1.5614536767147
0.4320000000000	-1.5650316477409
0.4325000000000	-1.5685968974248
0.4330000000000	-1.5721493949322
0.4335000000000	-1.5756891095268
0.4340000000000	-1.5792160105702
0.4345000000000	-1.5827300675228
0.4350000000000	-1.5862312499435
0.4355000000000	-1.5897195274907
0.4360000000000	-1.5931948699223
0.4365000000000	-1.5966572470961
0.4370000000000	-1.6001066289704
0.4375000000000	-1.6035429856039
0.4380000000000	-1.6069662871568
0.4385000000000	-1.6103765038904
0.4390000000000	-1.6137736061679
0.4395000000000	-1.6171575644548
0.4400000000000	-1.6205283493190
0.4405000000000	-1.6238859314315
0.4410000000000	-1.6272302815664
0.4415000000000	-1.6305613706014
0.4420000000000	-1.6338791695185
0.4425000000000	-1.6371836494039
0.4430000000000	-1.6404747814486
0.4435000000000	-1.6437525369486
0.4440000000000	-1.6470168873054
0.4445000000000	-1.6502678040266
0.4450000000000	-1.6535052587257
0.4455000000000	-1.6567292231228
0.4460000000000	-1.6599396690451
0.4465000000000	-1.6631365684270
0.4470000000000	-1.6663198933104
0.4475000000000	-1.6694896158456
0.4480000000000	-1.6726457082908
0.4485000000000	-1.6757881430132
0.4490000000000	-1.6789168924890
0.4495000000000	-1.6820319293040
0.4500000000000	-1.6851332261536
0.4505000000000	-1.6882207558434
0.4510000000000	-1.6912944912896
0.4515000000000	-1.6943544055193
0.4520000000000	-1.6974004716705
0.4525000000000	-1.7004326629932
0.4530000000000	-1.7034509528491
0.4535000000000	-1.7064553147122
0.4540000000000	-1.7094457221691
0.4545000000000	-1.7124221489195
0.4550000000000	-1.7153845687763
0.4555000000000	-1.7183329556661
0.4560000000000	-1.7212672836296
0.4565000000000	-1.7241875268219
0.4570000000000	-1.7270936595126
0.4575000000000	-1.7299856560866
0.4580000000000	-1.7328634910440
0.4585000000000	-1.7357271390009
0.4590000000000	-1.7385765746893
0.4595000000000	-1.7414117729577
0.4600000000000	-1.7442327087713
0.4605000000000	-1.7470393572125
0.4610000000000	-1.7498316934812
0.4615000000000	-1.7526096928950
0.4620000000000	-1.7553733308895
0.4625000000000	-1.7581225830191
0.4630000000000	-1.7608574249568
0.4635000000000	-1.7635778324946
0.4640000000000	-1.7662837815441
0.4645000000000	-1.7689752481369
0.4650000000000	-1.7716522084243
0.4655000000000	-1.7743146386784
0.4660000000000	-1.7769625152919
0.4665000000000	-1.7795958147787
0.4670000000000	-1.7822145137741
0.4675000000000	-1.7848185890352
0.4680000000000	-1.7874080174412
0.4685000000000	-1.7899827759935
0.4690000000000	-1.7925428418165
0.4695000000000	-1.7950881921575
0.4700000000000	-1.7976188043872
0.4705000000000	-1.8001346560001
0.4710000000000	-1.8026357246145
0.4715000000000	-1.8051219879731
0.4720000000000	-1.8075934239433
0.4725000000000	-1.8100500105175
0.4730000000000	-1.8124917258130
0.4735000000000	-1.8149185480732
0.4740000000000	-1.8173304556669
0.4745000000000	-1.8197274270894
0.4750000000000	-1.8221094409624
0.4755000000000	-1.8244764760342
0.4760000000000	-1.8268285111806
0.4765000000000	-1.8291655254044
0.4770000000000	-1.8314874978364
0.4775000000000	-1.8337944077352
0.4780000000000	-1.8360862344879
0.4785000000000	-1.8383629576100
0.4790000000000	-1.8406245567460
0.4795000000000	-1.8428710116695
0.4800000000000	-1.8451023022838
0.4805000000000	-1.8473184086218
0.4810000000000	-1.8495193108464
0.4815000000000	-1.8517049892510
0.4820000000000	-1.8538754242596
0.4825000000000	-1.8560305964270
0.4830000000000	-1.8581704864395
0.4835000000000	-1.8602950751144
0.4840000000000	-1.8624043434014
0.4845000000000	-1.8644982723816
0.4850000000000	-1.8665768432690
0.4855000000000	-1.8686400374098
0.4860000000000	-1.8706878362832
0.4865000000000	-1.8727202215016
0.4870000000000	-1.8747371748108
0.4875000000000	-1.8767386780904
0.4880000000000	-1.8787247133536
0.4885000000000	-1.8806952627482
0.4890000000000	-1.8826503085563
0.4895000000000	-1.8845898331948
0.4900000000000	-1.8865138192156
0.4905000000000	-1.8884222493060
0.4910000000000	-1.8903151062886
0.4915000000000	-1.8921923731219
0.4920000000000	-1.8940540329006
0.4925000000000	-1.8959000688553
0.4930000000000	-1.8977304643536
0.4935000000000	-1.8995452028996
0.4940000000000	-1.9013442681345
0.4945000000000	-1.9031276438368
0.4950000000000	-1.9048953139226
0.4955000000000	-1.9066472624458
0.4960000000000	-1.9083834735980
0.4965000000000	-1.9101039317094
0.4970000000000	-1.9118086212487
0.4975000000000	-1.9134975268230
0.4980000000000	-1.9151706331787
0.4985000000000	-1.9168279252013
0.4990000000000	-1.9184693879154
0.4995000000000	-1.9200950064858
0.5000000000000	-1.9217047662167
0.5005000000000	-1.9232986525527
0.5010000000000	-1.9248766510785
0.5015000000000	-1.9264387475195
0.5020000000000	-1.9279849277418
0.5025000000000	-1.9295151777524
0.5030000000000	-1.9310294836996
0.5035000000000	-1.9325278318729
0.5040000000000	-1.9340102087038
0.5045000000000	-1.9354766007651
0.5050000000000	-1.9369269947721
0.5055000000000	-1.9383613775820
0.5060000000000	-1.9397797361945
0.5065000000000	-1.9411820577520
0.5070000000000	-1.9425683295398
0.5075000000000	-1.9439385389860
0.5080000000000	-1.9452926736620
0.5085000000000	-1.9466307212827
0.5090000000000	-1.9479526697065
0.5095000000000	-1.9492585069356
0.5100000000000	-1.9505482211163
0.5105000000000	-1.9518218005389
0.5110000000000	-1.9530792336380
0.5115000000000	-1.9543205089929
0.5120000000000	-1.9555456153275
0.5125000000000	-1.9567545415105
0.5130000000000	-1.9579472765558
0.5135000000000	-1.9591238096223
0.5140000000000	-1.9602841300145
0.5145000000000	-1.9614282271823
0.5150000000000	-1.9625560907215
0.5155000000000	-1.9636677103735
0.5160000000000	-1.9647630760259
0.5165000000000	-1.9658421777125
0.5170000000000	-1.9669050056135
0.5175000000000	-1.9679515500556
0.5180000000000	-1.9689818015119
0.5185000000000	-1.9699957506026
0.5190000000000	-1.9709933880947
0.5195000000000	-1.9719747049025
0.5200000000000	-1.9729396920873
0.5205000000000	-1.9738883408578
0.5210000000000	-1.9748206425705
0.5215000000000	-1.9757365887292
0.5220000000000	-1.9766361709858
0.5225000000000	-1.9775193811398
0.5230000000000	-1.9783862111390
0.5235000000000	-1.9792366530793
0.5240000000000	-1.9800706992049
0.5245000000000	-1.9808883419085
0.5250000000000	-1.9816895737312
0.5255000000000	-1.9824743873628
0.5260000000000	-1.9832427756420
0.5265000000000	-1.9839947315563
0.5270000000000	-1.9847302482423
0.5275000000000	-1.9854493189854
0.5280000000000	-1.9861519372207
0.5285000000000	-1.9868380965323
0.5290000000000	-1.9875077906538
0.5295000000000	-1.9881610134682
0.5300000000000	-1.9887977590084
0.5305000000000	-1.9894180214569
0.5310000000000	-1.9900217951459
0.5315000000000	-1.9906090745575
0.5320000000000	-1.9911798543240
0.5325000000000	-1.9917341292276
0.5330000000000	-1.9922718942006
0.5335000000000	-1.9927931443257
0.5340000000000	-1.9932978748359
0.5345000000000	-1.9937860811145
0.5350000000000	-1.9942577586953
0.5355000000000	-1.9947129032625
0.5360000000000	-1.9951515106513
0.5365000000000	-1.9955735768471
0.5370000000000	-1.9959790979863
0.5375000000000	-1.9963680703561
0.5380000000000	-1.9967404903945
0.5385000000000	-1.9970963546903
0.5390000000000	-1.9974356599835
0.5395000000000	-1.9977584031650
0.5400000000000	-1.9980645812767
0.5405000000000	-1.9983541915117
0.5410000000000	-1.9986272312143
0.5415000000000	-1.9988836978800
0.5420000000000	-1.9991235891553
0.5425000000000	-1.9993469028384
0.5430000000000	-1.9995536368785
0.5435000000000	-1.9997437893763
0.5440000000000	-1.9999173585837
0.5445000000000	-2.0000743429043
0.5450000000000	-2.0002147408929
0.5455000000000	-2.0003385512558
0.5460000000000	-2.0004457728509
0.5465000000000	-2.0005364046874
0.5470000000000	-2.0006104459262
0.5475000000000	-2.0006678958796
0.5480000000000	-2.0007087540116
0.5485000000000	-2.0007330199375
0.5490000000000	-2.0007406934242
0.5495000000000	-2.0007317743905
0.5500000000000	-2.0007062629063
0.5505000000000	-2.0006641591933
0.5510000000000	-2.0006054636247
0.5515000000000	-2.0005301767252
0.5520000000000	-2.0004382991712
0.5525000000000	-2.0003298317905
0.5530000000000	-2.0002047755623
0.5535000000000	-2.0000631316176
0.5540000000000	-1.9999049012386
0.5545000000000	-1.9997300858591
0.5550000000000	-1.9995386870644
0.5555000000000	-1.9993307065909
0.5560000000000	-1.9991061463269
0.5565000000000	-1.9988650083115
0.5570000000000	-1.9986072947356
0.5575000000000	-1.9983330079410
0.5580000000000	-1.9980421504211
0.5585000000000	-1.9977347248201
0.5590000000000	-1.9974107339338
0.5595000000000	-1.9970701807088
0.5600000000000	-1.9967130682430
0.5605000000000	-1.9963393997851
0.5610000000000	-1.9959491787351
0.5615000000000	-1.9955424086435
0.5620000000000	-1.9951190932120
0.5625000000000	-1.9946792362930
0.5630000000000	-1.9942228418896
0.5635000000000	-1.9937499141556
0.5640000000000	-1.9932604573955
0.5645000000000	-1.9927544760642
0.5650000000000	-1.9922319747671
0.5655000000000	-1.9916929582603
0.5660000000000	-1.9911374314497
0.5665000000000	-1.9905653993918
0.5670000000000	-1.9899768672933
0.5675000000000	-1.9893718405108
0.5680000000000	-1.9887503245509
0.5685000000000	-1.9881123250703
0.5690000000000	-1.9874578478753
0.5695000000000	-1.9867868989222
0.5700000000000	-1.9860994843166
0.5705000000000	-1.9853956103139
0.5710000000000	-1.9846752833189
0.5715000000000	-1.9839385098856
0.5720000000000	-1.9831852967173
0.5725000000000	-1.9824156506665
0.5730000000000	-1.9816295787347
0.5735000000000	-1.9808270880723
0.5740000000000	-1.9800081859783
0.5745000000000	-1.9791728799008
0.5750000000000	-1.9783211774360
0.5755000000000	-1.9774530863289
0.5760000000000	-1.9765686144726
0.5765000000000	-1.9756677699085
0.5770000000000	-1.9747505608260
0.5775000000000	-1.9738169955626
0.5780000000000	-1.9728670826034
0.5785000000000	-1.9719008305813
0.5790000000000	-1.9709182482767
0.5795000000000	-1.9699193446174
0.5800000000000	-1.9689041286785
0.5805000000000	-1.9678726096822
0.5810000000000	-1.9668247969976
0.5815000000000	-1.9657607001407
0.5820000000000	-1.9646803287742
0.5825000000000	-1.9635836927072
0.5830000000000	-1.9624708018954
0.5835000000000	-1.9613416664406
0.5840000000000	-1.9601962965905
0.5845000000000	-1.9590347027389
0.5850000000000	-1.9578568954253
0.5855000000000	-1.9566628853348
0.5860000000000	-1.9554526832978
0.5865000000000	-1.9542263002899
0.5870000000000	-1.9529837474320
0.5875000000000	-1.9517250359897
0.5880000000000	-1.9504501773734
0.5885000000000	-1.9491591831380
0.5890000000000	-1.9478520649828
0.5895000000000	-1.9465288347512
0.5900000000000	-1.9451895044307
0.5905000000000	-1.9438340861525
0.5910000000000	-1.9424625921916
0.5915000000000	-1.9410750349662
0.5920000000000	-1.9396714270380
0.5925000000000	-1.9382517811115
0.5930000000000	-1.9368161100342
0.5935000000000	-1.9353644267962
0.5940000000000	-1.9338967445302
0.5945000000000	-1.9324130765109
0.5950000000000	-1.9309134361552
0.5955000000000	-1.9293978370218
0.5960000000000	-1.9278662928112
0.5965000000000	-1.9263188173650
0.5970000000000	-1.9247554246663
0.5975000000000	-1.9231761288391
0.5980000000000	-1.9215809441481
0.5985000000000	-1.9199698849988
0.5990000000000	-1.9183429659367
0.5995000000000	-1.9167002016478
0.6000000000000	-1.9150416069577
0.6005000000000	-1.9133671968319
0.6010000000000	-1.9116769863752
0.6015000000000	-1.9099709908317
0.6020000000000	-1.9082492255844
0.6025000000000	-1.9065117061551
0.6030000000000	-1.9047584482042
0.6035000000000	-1.9029894675304
0.6040000000000	-1.9012047800702
0.6045000000000	-1.8994044018983
0.6050000000000	-1.8975883492265
0.6055000000000	-1.8957566384043
0.6060000000000	-1.8939092859182
0.6065000000000	-1.8920463083913
0.6070000000000	-1.8901677225836
0.6075000000000	-1.8882735453913
0.6080000000000	-1.8863637938465
0.6085000000000	-1.8844384851174
0.6090000000000	-1.8824976365077
0.6095000000000	-1.8805412654562
0.6100000000000	-1.8785693895370
0.6105000000000	-1.8765820264589
0.6110000000000	-1.8745791940652
0.6115000000000	-1.8725609103334
0.6120000000000	-1.8705271933752
0.6125000000000	-1.8684780614358
0.6130000000000	-1.8664135328941
0.6135000000000	-1.8643336262619
0.6140000000000	-1.8622383601841
0.6145000000000	-1.8601277534382
0.6150000000000	-1.8580018249340
0.6155000000000	-1.8558605937136
0.6160000000000	-1.8537040789507
0.6165000000000	-1.8515322999505
0.6170000000000	-1.8493452761496
0.6175000000000	-1.8471430271155
0.6180000000000	-1.8449255725464
0.6185000000000	-1.8426929322707
0.6190000000000	-1.8404451262472
0.6195000000000	-1.8381821745644
0.6200000000000	-1.8359040974402
0.6205000000000	-1.8336109152219
0.6210000000000	-1.8313026483856
0.6215000000000	-1.8289793175362
0.6220000000000	-1.8266409434067
0.6225000000000	-1.8242875468583
0.6230000000000	-1.8219191488801
0.6235000000000	-1.8195357705884
0.6240000000000	-1.8171374332266
0.6245000000000	-1.8147241581652
0.6250000000000	-1.8122959669011
0.6255000000000	-1.8098528810574
0.6260000000000	-1.8073949223831
0.6265000000000	-1.8049221127528
0.6270000000000	-1.8024344741667
0.6275000000000	-1.7999320287495
0.6280000000000	-1.7974147987509
0.6285000000000	-1.7948828065449
0.6290000000000	-1.7923360746295
0.6295000000000	-1.7897746256265
0.6300000000000	-1.7871984822811
0.6305000000000	-1.7846076674615
0.6310000000000	-1.7820022041588
0.6315000000000	-1.7793821154865
0.6320000000000	-1.7767474246802
0.6325000000000	-1.7740981550973
0.6330000000000	-1.7714343302168
0.6335000000000	-1.7687559736387
0.6340000000000	-1.7660631090840
0.6345000000000	-1.7633557603939
0.6350000000000	-1.7606339515302
0.6355000000000	-1.7578977065742
0.6360000000000	-1.7551470497268
0.6365000000000	-1.7523820053082
0.6370000000000	-1.7496025977573
0.6375000000000	-1.7468088516315
0.6380000000000	-1.7440007916065
0.6385000000000	-1.7411784424758
0.6390000000000	-1.7383418291503
0.6395000000000	-1.7354909766581
0.6400000000000	-1.7326259101442
0.6405000000000	-1.7297466548700
0.6410000000000	-1.7268532362131
0.6415000000000	-1.7239456796669
0.6420000000000	-1.7210240108402
0.6425000000000	-1.7180882554569
0.6430000000000	-1.7151384393558
0.6435000000000	-1.7121745884899
0.6440000000000	-1.7091967289265
0.6445000000000	-1.7062048868465
0.6450000000000	-1.7031990885442
0.6455000000000	-1.7001793604269
0.6460000000000	-1.6971457290146
0.6465000000000	-1.6940982209396
0.6470000000000	-1.6910368629464
0.6475000000000	-1.6879616818908
0.6480000000000	-1.6848727047399
0.6485000000000	-1.6817699585721
0.6490000000000	-1.6786534705758
0.6495000000000	-1.6755232680501
0.6500000000000	-1.6723793784037
0.6505000000000	-1.6692218291547
0.6510000000000	-1.6660506479307
0.6515000000000	-1.6628658624677
0.6520000000000	-1.6596675006103
0.6525000000000	-1.6564555903112
0.6530000000000	-1.6532301596307
0.6535000000000	-1.6499912367365
0.6540000000000	-1.6467388499032
0.6545000000000	-1.6434730275122
0.6550000000000	-1.6401937980508
0.6555000000000	-1.6369011901127
0.6560000000000	-1.6335952323967
0.6565000000000	-1.6302759537070
0.6570000000000	-1.6269433829524
0.6575000000000	-1.6235975491463
0.6580000000000	-1.6202384814063
0.6585000000000	-1.6168662089532
0.6590000000000	-1.6134807611118
0.6595000000000	-1.6100821673093
0.6600000000000	-1.6066704570759
0.6605000000000	-1.6032456600437
0.6610000000000	-1.5998078059470
0.6615000000000	-1.5963569246214
0.6620000000000	-1.5928930460037
0.6625000000000	-1.5894162001313
0.6630000000000	-1.5859264171423
0.6635000000000	-1.5824237272745
0.6640000000000	-1.5789081608655
0.6645000000000	-1.5753797483522
0.6650000000000	-1.5718385202704
0.6655000000000	-1.5682845072544
0.6660000000000	-1.5647177400366
0.6665000000000	-1.5611382494473
0.6670000000000	-1.5575460664142
0.6675000000000	-1.5539412219620
0.6680000000000	-1.5503237472121
0.6685000000000	-1.5466936733823
0.6690000000000	-1.5430510317860
0.6695000000000	-1.5393958538325
0.6700000000000	-1.5357281710262
0.6705000000000	-1.5320480149661
0.6710000000000	-1.5283554173460
0.6715000000000	-1.5246504099533
0.6720000000000	-1.5209330246695
0.6725000000000	-1.5172032934692
0.6730000000000	-1.5134612484199
0.6735000000000	-1.5097069216817
0.6740000000000	-1.5059403455070
0.6745000000000	-1.5021615522397
0.6750000000000	-1.4983705743155
0.6755000000000	-1.4945674442609
0.6760000000000	-1.4907521946932
0.6765000000000	-1.4869248583199
0.6770000000000	-1.4830854679386
0.6775000000000	-1.4792340564362
0.6780000000000	-1.4753706567889
0.6785000000000	-1.4714953020618
0.6790000000000	-1.4676080254084
0.6795000000000	-1.4637088600700
0.6800000000000	-1.4597978393758
0.6805000000000	-1.4558749967423
0.6810000000000	-1.4519403656729
0.6815000000000	-1.4479939797574
0.6820000000000	-1.4440358726719
0.6825000000000	-1.4400660781783
0.6830000000000	-1.4360846301240
0.6835000000000	-1.4320915624411
0.6840000000000	-1.4280869091467
0.6845000000000	-1.4240707043422
0.6850000000000	-1.4200429822126
0.6855000000000	-1.4160037770268
0.6860000000000	-1.4119531231366
0.6865000000000	-1.4078910549768
0.6870000000000	-1.4038176070644
0.6875000000000	-1.3997328139986
0.6880000000000	-1.3956367104602
0.6885000000000	-1.3915293312114
0.6890000000000	-1.3874107110952
0.6895000000000	-1.3832808850350
0.6900000000000	-1.3791398880348
0.6905000000000	-1.3749877551780
0.6910000000000	-1.3708245216276
0.6915000000000	-1.3666502226257
0.6920000000000	-1.3624648934929
0.6925000000000	-1.3582685696282
0.6930000000000	-1.3540612865086
0.6935000000000	-1.3498430796886
0.6940000000000	-1.3456139847998
0.6945000000000	-1.3413740375509
0.6950000000000	-1.3371232737267
0.6955000000000	-1.3328617291883
0.6960000000000	-1.3285894398725
0.6965000000000	-1.3243064417913
0.6970000000000	-1.3200127710319
0.6975000000000	-1.3157084637557
0.6980000000000	-1.3113935561988
0.6985000000000	-1.3070680846709
0.6990000000000	-1.3027320855552
0.6995000000000	-1.2983855953081
0.7000000000000	-1.2940286504587
0.7005000000000	-1.2896612876084
0.7010000000000	-1.2852835434309
0.7015000000000	-1.2808954546712
0.7020000000000	-1.2764970581460
0.7025000000000	-1.2720883907425
0.7030000000000	-1.2676694894188
0.7035000000000	-1.2632403912029
0.7040000000000	-1.2588011331929
0.7045000000000	-1.2543517525561
0.7050000000000	-1.2498922865293
0.7055000000000	-1.2454227724175
0.7060000000000	-1.2409432475946
0.7065000000000	-1.2364537495022
0.7070000000000	-1.2319543156496
0.7075000000000	-1.2274449836134
0.7080000000000	-1.2229257910372
0.7085000000000	-1.2183967756312
0.7090000000000	-1.2138579751716
0.7095000000000	-1.2093094275007
0.7100000000000	-1.2047511705262
0.7105000000000	-1.2001832422208
0.7110000000000	-1.1956056806222
0.7115000000000	-1.1910185238324
0.7120000000000	-1.1864218100175
0.7125000000000	-1.1818155774074
0.7130000000000	-1.1771998642950
0.7135000000000	-1.1725747090367
0.7140000000000	-1.1679401500512
0.7145000000000	-1.1632962258195
0.7150000000000	-1.1586429748848
0.7155000000000	-1.1539804358517
0.7160000000000	-1.1493086473859
0.7165000000000	-1.1446276482142
0.7170000000000	-1.1399374771239
0.7175000000000	-1.1352381729625
0.7180000000000	-1.1305297746372
0.7185000000000	-1.1258123211147
0.7190000000000	-1.1210858514210
0.7195000000000	-1.1163504046407
0.7200000000000	-1.1116060199170
0.7205000000000	-1.1068527364511
0.7210000000000	-1.1020905935019
0.7215000000000	-1.0973196303859
0.7220000000000	-1.0925398864764
0.7225000000000	-1.0877514012036
0.7230000000000	-1.0829542140540
0.7235000000000	-1.0781483645702
0.7240000000000	-1.0733338923503
0.7245000000000	-1.0685108370481
0.7250000000000	-1.0636792383719
0.7255000000000	-1.0588391360851
0.7260000000000	-1.0539905700053
0.7265000000000	-1.0491335800040
0.7270000000000	-1.0442682060065
0.7275000000000	-1.0393944879912
0.7280000000000	-1.0345124659896
0.7285000000000	-1.0296221800859
0.7290000000000	-1.0247236704166
0.7295000000000	-1.0198169771699
0.7300000000000	-1.0149021405861
0.7305000000000	-1.0099792009564
0.7310000000000	-1.0050481986232
0.7315000000000	-1.0001091739794
0.7320000000000	-0.9951621674683
0.7325000000000	-0.9902072195832
0.7330000000000	-0.9852443708669
0.7335000000000	-0.9802736619117
0.7340000000000	-0.9752951333588
0.7345000000000	-0.9703088258981
0.7350000000000	-0.9653147802677
0.7355000000000	-0.9603130372540
0.7360000000000	-0.9553036376908
0.7365000000000	-0.9502866224594
0.7370000000000	-0.9452620324881
0.7375000000000	-0.9402299087519
0.7380000000000	-0.9351902922724
0.7385000000000	-0.9301432241169
0.7390000000000	-0.9250887453987
0.7395000000000	-0.9200268972765
0.7400000000000	-0.9149577209542
0.7405000000000	-0.9098812576802
0.7410000000000	-0.9047975487476
0.7415000000000	-0.8997066354937
0.7420000000000	-0.8946085592995
0.7425000000000	-0.8895033615896
0.7430000000000	-0.8843910838318
0.7435000000000	-0.8792717675367
0.7440000000000	-0.8741454542578
0.7445000000000	-0.8690121855904
0.7450000000000	-0.8638720031722
0.7455000000000	-0.8587249486822
0.7460000000000	-0.8535710638409
0.7465000000000	-0.8484103904100
0.7470000000000	-0.8432429701915
0.7475000000000	-0.8380688450282
0.7480000000000	-0.8328880568028
0.7485000000000	-0.8277006474378
0.7490000000000	-0.8225066588953
0.7495000000000	-0.8173061331765
0.7500000000000	-0.8120991123215
0.7505000000000	-0.8068856384090
0.7510000000000	-0.8016657535559
0.7515000000000	-0.7964394999171
0.7520000000000	-0.7912069196852
0.7525000000000	-0.7859680550902
0.7530000000000	-0.7807229483991
0.7535000000000	-0.7754716419157
0.7540000000000	-0.7702141779803
0.7545000000000	-0.7649505989692
0.7550000000000	-0.7596809472949
0.7555000000000	-0.7544052654051
0.7560000000000	-0.7491235957831
0.7565000000000	-0.7438359809470
0.7570000000000	-0.7385424634497
0.7575000000000	-0.7332430858784
0.7580000000000	-0.7279378908546
0.7585000000000	-0.7226269210333
0.7590000000000	-0.7173102191032
0.7595000000000	-0.7119878277864
0.7600000000000	-0.7066597898376
0.7605000000000	-0.7013261480444
0.7610000000000	-0.6959869452268
0.7615000000000	-0.6906422242366
0.7620000000000	-0.6852920279576
0.7625000000000	-0.6799363993052
0.7630000000000	-0.6745753812257
0.7635000000000	-0.6692090166967
0.7640000000000	-0.6638373487261
0.7645000000000	-0.6584604203525
0.7650000000000	-0.6530782746442
0.7655000000000	-0.6476909546997
0.7660000000000	-0.6422985036468
0.7665000000000	-0.6369009646425
0.7670000000000	-0.6314983808729
0.7675000000000	-0.6260907955526
0.7680000000000	-0.6206782519249
0.7685000000000	-0.6152607932608
0.7690000000000	-0.6098384628595
0.7695000000000	-0.6044113040476
0.7700000000000	-0.5989793601791
0.7705000000000	-0.5935426746348
0.7710000000000	-0.5881012908224
0.7715000000000	-0.5826552521761
0.7720000000000	-0.5772046021563
0.7725000000000	-0.5717493842491
0.7730000000000	-0.5662896419665
0.7735000000000	-0.5608254188457
0.7740000000000	-0.5553567584491
0.7745000000000	-0.5498837043640
0.7750000000000	-0.5444063002020
0.7755000000000	-0.5389245895994
0.7760000000000	-0.5334386162160
0.7765000000000	-0.5279484237359
0.7770000000000	-0.5224540558663
0.7775000000000	-0.5169555563377
0.7780000000000	-0.5114529689038
0.7785000000000	-0.5059463373407
0.7790000000000	-0.5004357054471
0.7795000000000	-0.4949211170436
0.7800000000000	-0.4894026159731
0.7805000000000	-0.4838802460999
0.7810000000000	-0.4783540513096
0.7815000000000	-0.4728240755090
0.7820000000000	-0.4672903626259
0.7825000000000	-0.4617529566083
0.7830000000000	-0.4562119014250
0.7835000000000	-0.4506672410645
0.7840000000000	-0.4451190195353
0.7845000000000	-0.4395672808653
0.7850000000000	-0.4340120691019
0.7855000000000	-0.4284534283112
0.7860000000000	-0.4228914025785
0.7865000000000	-0.4173260360073
0.7870000000000	-0.4117573727193
0.7875000000000	-0.4061854568546
0.7880000000000	-0.4006103325707
0.7885000000000	-0.3950320440428
0.7890000000000	-0.3894506354630
0.7895000000000	-0.3838661510408
0.7900000000000	-0.3782786350023
0.7905000000000	-0.3726881315899
0.7910000000000	-0.3670946850625
0.7915000000000	-0.3614983396947
0.7920000000000	-0.3558991397771
0.7925000000000	-0.3502971296155
0.7930000000000	-0.3446923535311
0.7935000000000	-0.3390848558601
0.7940000000000	-0.3334746809533
0.7945000000000	-0.3278618731760
0.7950000000000	-0.3222464769078
0.7955000000000	-0.3166285365421
0.7960000000000	-0.3110080964863
0.7965000000000	-0.3053852011609
0.7970000000000	-0.2997598950001
0.7975000000000	-0.2941322224506
0.7980000000000	-0.2885022279723
0.7985000000000	-0.2828699560371
0.7990000000000	-0.2772354511296
0.7995000000000	-0.2715987577461
0.8000000000000	-0.2659599203948
0.8005000000000	-0.2603189835954
0.8010000000000	-0.2546759918787
0.8015000000000	-0.2490309897867
0.8020000000000	-0.2433840218722
0.8025000000000	-0.2377351326983
0.8030000000000	-0.2320843668387
0.8035000000000	-0.2264317688768
0.8040000000000	-0.2207773834062
0.8045000000000	-0.2151212550297
0.8050000000000	-0.2094634283596
0.8055000000000	-0.2038039480173
0.8060000000000	-0.1981428586328
0.8065000000000	-0.1924802048451
0.8070000000000	-0.1868160313012
0.8075000000000	-0.1811503826563
0.8080000000000	-0.1754833035735
0.8085000000000	-0.1698148387236
0.8090000000000	-0.1641450327848
0.8095000000000	-0.1584739304422
0.8100000000000	-0.1528015763881
0.8105000000000	-0.1471280153212
0.8110000000000	-0.1414532919470
0.8115000000000	-0.1357774509769
0.8120000000000	-0.1301005371283
0.8125000000000	-0.1244225951243
0.8130000000000	-0.1187436696937
0.8135000000000	-0.1130638055702
0.8140000000000	-0.1073830474927
0.8145000000000	-0.1017014402049
0.8150000000000	-0.0960190284548
0.8155000000000	-0.0903358569950
0.8160000000000	-0.0846519705819
0.8165000000000	-0.0789674139758
0.8170000000000	-0.0732822319406
0.8175000000000	-0.0675964692435
0.8180000000000	-0.0619101706547
0.8185000000000	-0.0562233809475
0.8190000000000	-0.0505361448977
0.8195000000000	-0.0448485072834
0.8200000000000	-0.0391605128850
0.8205000000000	-0.0334722064846
0.8210000000000	-0.0277836328663
0.8215000000000	-0.0220948368153
0.8220000000000	-0.0164058631183
0.8225000000000	-0.0107167565628
0.8230000000000	-0.0050275619371
0.8235000000000	0.0006616759702
0.8240000000000	0.0063509123699
0.8245000000000	0.0120401024731
0.8250000000000	0.0177292014908
0.8255000000000	0.0234181646348
0.8260000000000	0.0291069471174
0.8265000000000	0.0347955041518
0.8270000000000	0.0404837909523
0.8275000000000	0.0461717627349
0.8280000000000	0.0518593747169
0.8285000000000	0.0575465821177
0.8290000000000	0.0632333401586
0.8295000000000	0.0689196040635
0.8300000000000	0.0746053290587
0.8305000000000	0.0802904703733
0.8310000000000	0.0859749832396
0.8315000000000	0.0916588228931
0.8320000000000	0.0973419445728
0.8325000000000	0.1030243035216
0.8330000000000	0.1087058549863
0.8335000000000	0.1143865542179
0.8340000000000	0.1200663564720
0.8345000000000	0.1257452170089
0.8350000000000	0.1314230910938
0.8355000000000	0.1370999339970
0.8360000000000	0.1427757009946
0.8365000000000	0.1484503473680
0.8370000000000	0.1541238284046
0.8375000000000	0.1597960993980
0.8380000000000	0.1654671156483
0.8385000000000	0.1711368324620
0.8390000000000	0.1768052051526
0.8395000000000	0.1824721890407
0.8400000000000	0.1881377394542
0.8405000000000	0.1938018117287
0.8410000000000	0.1994643612075
0.8415000000000	0.2051253432421
0.8420000000000	0.2107847131921
0.8425000000000	0.2164424264259
0.8430000000000	0.2220984383205
0.8435000000000	0.2277527042620
0.8440000000000	0.2334051796459
0.8445000000000	0.2390558198770
0.8450000000000	0.2447045803700
0.8455000000000	0.2503514165496
0.8460000000000	0.2559962838507
0.8465000000000	0.2616391377187
0.8470000000000	0.2672799336097
0.8475000000000	0.2729186269909
0.8480000000000	0.2785551733406
0.8485000000000	0.2841895281486
0.8490000000000	0.2898216469164
0.8495000000000	0.2954514851575
0.8500000000000	0.3010789983976
0.8505000000000	0.3067041421749
0.8510000000000	0.3123268720400
0.8515000000000	0.3179471435568
0.8520000000000	0.3235649123023
0.8525000000000	0.3291801338668
0.8530000000000	0.3347927638545
0.8535000000000	0.3404027578832
0.8540000000000	0.3460100715853
0.8545000000000	0.3516146606073
0.8550000000000	0.3572164806104
0.8555000000000	0.3628154872711
0.8560000000000	0.3684116362806
0.8565000000000	0.3740048833458
0.8570000000000	0.3795951841892
0.8575000000000	0.3851824945493
0.8580000000000	0.3907667701808
0.8585000000000	0.3963479668546
0.8590000000000	0.4019260403586
0.8595000000000	0.4075009464974
0.8600000000000	0.4130726410931
0.8605000000000	0.4186410799850
0.8610000000000	0.4242062190301
0.8615000000000	0.4297680141036
0.8620000000000	0.4353264210986
0.8625000000000	0.4408813959269
0.8630000000000	0.4464328945190
0.8635000000000	0.4519808728243
0.8640000000000	0.4575252868116
0.8645000000000	0.4630660924691
0.8650000000000	0.4686032458048
0.8655000000000	0.4741367028466
0.8660000000000	0.4796664196430
0.8665000000000	0.4851923522626
0.8670000000000	0.4907144567953
0.8675000000000	0.4962326893516
0.8680000000000	0.5017470060637
0.8685000000000	0.5072573630853
0.8690000000000	0.5127637165917
0.8695000000000	0.5182660227807
0.8700000000000	0.5237642378722
0.8705000000000	0.5292583181090
0.8710000000000	0.5347482197566
0.8715000000000	0.5402338991038
0.8720000000000	0.5457153124629
0.8725000000000	0.5511924161696
0.8730000000000	0.5566651665840
0.8735000000000	0.5621335200903
0.8740000000000	0.5675974330971
0.8745000000000	0.5730568620380
0.8750000000000	0.5785117633715
0.8755000000000	0.5839620935815
0.8760000000000	0.5894078091775
0.8765000000000	0.5948488666949
0.8770000000000	0.6002852226952
0.8775000000000	0.6057168337665
0.8780000000000	0.6111436565233
0.8785000000000	0.6165656476074
0.8790000000000	0.6219827636876
0.8795000000000	0.6273949614603
0.8800000000000	0.6328021976498
0.8805000000000	0.6382044290084
0.8810000000000	0.6436016123168
0.8815000000000	0.6489937043842
0.8820000000000	0.6543806620490
0.8825000000000	0.6597624421785
0.8830000000000	0.6651390016697
0.8835000000000	0.6705102974492
0.8840000000000	0.6758762864738
0.8845000000000	0.6812369257306
0.8850000000000	0.6865921722371
0.8855000000000	0.6919419830421
0.8860000000000	0.6972863152251
0.8865000000000	0.7026251258974
0.8870000000000	0.7079583722020
0.8875000000000	0.7132860113140
0.8880000000000	0.7186080004405
0.8885000000000	0.7239242968217
0.8890000000000	0.7292348577303
0.8895000000000	0.7345396404724
0.8900000000000	0.7398386023876
0.8905000000000	0.7451317008492
0.8910000000000	0.7504188932645
0.8915000000000	0.7557001370755
0.8920000000000	0.7609753897584
0.8925000000000	0.7662446088246
0.8930000000000	0.7715077518209
0.8935000000000	0.7767647763293
0.8940000000000	0.7820156399679
0.8945000000000	0.7872603003908
0.8950000000000	0.7924987152886
0.8955000000000	0.7977308423885
0.8960000000000	0.8029566394551
0.8965000000000	0.8081760642899
0.8970000000000	0.8133890747323
0.8975000000000	0.8185956286595
0.8980000000000	0.8237956839870
0.8985000000000	0.8289891986689
0.8990000000000	0.8341761306981
0.8995000000000	0.8393564381066
0.9000000000000	0.8445300789658
0.9005000000000	0.8496970113871
0.9010000000000	0.8548571935218
0.9015000000000	0.8600105835615
0.9020000000000	0.8651571397387
0.9025000000000	0.8702968203268
0.9030000000000	0.8754295836404
0.9035000000000	0.8805553880358
0.9040000000000	0.8856741919114
0.9045000000000	0.8907859537074
0.9050000000000	0.8958906319071
0.9055000000000	0.9009881850362
0.9060000000000	0.9060785716639
0.9065000000000	0.9111617504026
0.9070000000000	0.9162376799088
0.9075000000000	0.9213063188829
0.9080000000000	0.9263676260700
0.9085000000000	0.9314215602596
0.9090000000000	0.9364680802867
0.9095000000000	0.9415071450313
0.9100000000000	0.9465387134194
0.9105000000000	0.9515627444230
0.9110000000000	0.9565791970602
0.9115000000000	0.9615880303963
0.9120000000000	0.9665892035430
0.9125000000000	0.9715826756599
0.9130000000000	0.9765684059538
0.9135000000000	0.9815463536799
0.9140000000000	0.9865164781412
0.9145000000000	0.9914787386899
0.9150000000000	0.9964330947267
0.9155000000000	1.0013795057019
0.9160000000000	1.0063179311152
0.9165000000000	1.0112483305164
0.9170000000000	1.0161706635055
0.9175000000000	1.0210848897332
0.9180000000000	1.0259909689011
0.9185000000000	1.0308888607620
0.9190000000000	1.0357785251203
0.9195000000000	1.0406599218326
0.9200000000000	1.0455330108075
0.9205000000000	1.0503977520062
0.9210000000000	1.0552541054431
0.9215000000000	1.0601020311857
0.9220000000000	1.0649414893552
0.9225000000000	1.0697724401267
0.9230000000000	1.0745948437295
0.9235000000000	1.0794086604478
0.9240000000000	1.0842138506206
0.9245000000000	1.0890103746423
0.9250000000000	1.0937981929629
0.9255000000000	1.0985772660884
0.9260000000000	1.1033475545812
0.9265000000000	1.1081090190604
0.9270000000000	1.1128616202021
0.9275000000000	1.1176053187396
0.9280000000000	1.1223400754643
0.9285000000000	1.1270658512255
0.9290000000000	1.1317826069307
0.9295000000000	1.1364903035464
0.9300000000000	1.1411889020983
0.9305000000000	1.1458783636713
0.9310000000000	1.1505586494102
0.9315000000000	1.1552297205202
0.9320000000000	1.1598915382665
0.9325000000000	1.1645440639757
0.9330000000000	1.1691872590353
0.9335000000000	1.1738210848944
0.9340000000000	1.1784455030640
0.9345000000000	1.1830604751176
0.9350000000000	1.1876659626910
0.9355000000000	1.1922619274831
0.9360000000000	1.1968483312563
0.9365000000000	1.2014251358364
0.9370000000000	1.2059923031135
0.9375000000000	1.2105497950419
0.9380000000000	1.2150975736408
0.9385000000000	1.2196356009945
0.9390000000000	1.2241638392527
0.9395000000000	1.2286822506309
0.9400000000000	1.2331907974110
0.9405000000000	1.2376894419412
0.9410000000000	1.2421781466368
0.9415000000000	1.2466568739803
0.9420000000000	1.2511255865219
0.9425000000000	1.2555842468795
0.9430000000000	1.2600328177399
0.9435000000000	1.2644712618581
0.9440000000000	1.2688995420585
0.9445000000000	1.2733176212348
0.9450000000000	1.2777254623506
0.9455000000000	1.2821230284396
0.9460000000000	1.2865102826062
0.9465000000000	1.2908871880254
0.9470000000000	1.2952537079438
0.9475000000000	1.2996098056794
0.9480000000000	1.3039554446224
0.9485000000000	1.3082905882352
0.9490000000000	1.3126152000531
0.9495000000000	1.3169292436844
0.9500000000000	1.3212326828110
0.9505000000000	1.3255254811883
0.9510000000000	1.3298076026465
0.9515000000000	1.3340790110898
0.9520000000000	1.3383396704976
0.9525000000000	1.3425895449249
0.9530000000000	1.3468285985018
0.9535000000000	1.3510567954350
0.9540000000000	1.3552741000073
0.9545000000000	1.3594804765786
0.9550000000000	1.3636758895856
0.9555000000000	1.3678603035429
0.9560000000000	1.3720336830428
0.9565000000000	1.3761959927561
0.9570000000000	1.3803471974320
0.9574999999999	1.3844872618990
0.9579999999999	1.3886161510648
0.9584999999999	1.3927338299171
0.9589999999999	1.3968402635235
0.9594999999999	1.4009354170324
0.9599999999999	1.4050192556729
0.9604999999999	1.4090917447556
0.9609999999999	1.4131528496726
0.9614999999999	1.4172025358979
0.9619999999999	1.4212407689883
0.9624999999999	1.4252675145829
0.9629999999999	1.4292827384045
0.9634999999999	1.4332864062589
0.9639999999999	1.4372784840361
0.9644999999999	1.4412589377104
0.9649999999999	1.4452277333407
0.9654999999999	1.4491848370708
0.9659999999999	1.4531302151301
0.9664999999999	1.4570638338337
0.9669999999999	1.4609856595830
0.9674999999999	1.4648956588656
0.9679999999999	1.4687937982564
0.9684999999999	1.4726800444174
0.9689999999999	1.4765543640982
0.9694999999999	1.4804167241366
0.9699999999999	1.4842670914587
0.9704999999999	1.4881054330795
0.9709999999999	1.4919317161031
0.9714999999999	1.4957459077232
0.9719999999999	1.4995479752232
0.9724999999999	1.5033378859772
0.9729999999999	1.5071156074496
0.9734999999999	1.5108811071961
0.9739999999999	1.5146343528637
0.9744999999999	1.5183753121912
0.9749999999999	1.5221039530097
0.9754999999999	1.5258202432426
0.9759999999999	1.5295241509066
0.9764999999999	1.5332156441114
0.9769999999999	1.5368946910605
0.9774999999999	1.5405612600514
0.9779999999999	1.5442153194761
0.9784999999999	1.5478568378214
0.9789999999999	1.5514857836691
0.9794999999999	1.5551021256969
0.9799999999999	1.5587058326780
0.9804999999999	1.5622968734823
0.9809999999999	1.5658752170761
0.9814999999999	1.5694408325229
0.9819999999999	1.5729936889836
0.9824999999999	1.5765337557168
0.9829999999999	1.5800610020792
0.9834999999999	1.5835753975264
0.9839999999999	1.5870769116126
0.9844999999999	1.5905655139912
0.9849999999999	1.5940411744156
0.9854999999999	1.5975038627389
0.9859999999999	1.6009535489148
0.9864999999999	1.6043902029977
0.9869999999999	1.6078137951430
0.9874999999999	1.6112242956078
0.9879999999999	1.6146216747510
0.9884999999999	1.6180059030338
0.9889999999999	1.6213769510198
0.9894999999999	1.6247347893759
0.9899999999999	1.6280793888720
0.9904999999999	1.6314107203819
0.9909999999999	1.6347287548836
0.9914999999999	1.6380334634593
0.9919999999999	1.6413248172961
0.9924999999999	1.6446027876863
0.9929999999999	1.6478673460277
0.9934999999999	1.6511184638240
0.9939999999999	1.6543561126853
0.9944999999999	1.6575802643281
0.9949999999999	1.6607908905760
0.9954999999999	1.6639879633600
0.9959999999999	1.6671714547188
0.9964999999999	1.6703413367990
0.9969999999999	1.6734975818559
0.9974999999999	1.6766401622534
0.9979999999999	1.6797690504647
0.9984999999999	1.6828842190723
0.9989999999999	1.6859856407686
0.9994999999999	1.6890732883565
0.9999999999999	1.6921471347492
1.0004999999999	1.6952071529708
1.0009999999999	1.6982533161570
1.0014999999999	1.7012855975547
1.0019999999999	1.7043039705231
1.0024999999999	1.7073084085337
1.0029999999999	1.7102988851706
1.0034999999999	1.7132753741310
1.0039999999999	1.7162378492255
1.0044999999999	1.7191862843785
1.0049999999999	1.7221206536283
1.0054999999999	1.7250409311278
1.0059999999999	1.7279470911447
1.0064999999999	1.7308391080616
1.0069999999999	1.7337169563769
1.0074999999999	1.7365806107046
1.0079999999999	1.7394300457750
1.0084999999999	1.7422652364347
1.0089999999999	1.7450861576472
1.0094999999999	1.7478927844934
1.0099999999999	1.7506850921714
1.0104999999999	1.7534630559975
1.0109999999999	1.7562266514058
1.0114999999999	1.7589758539493
1.0119999999999	1.7617106392996
1.0124999999999	1.7644309832476
1.0129999999999	1.7671368617037
1.0134999999999	1.7698282506983
1.0139999999999	1.7725051263819
1.0144999999999	1.7751674650253
1.0149999999999	1.7778152430206
1.0154999999999	1.7804484368807
1.0159999999999	1.7830670232402
1.0164999999999	1.7856709788554
1.0169999999999	1.7882602806049
1.0174999999999	1.7908349054897
1.0179999999999	1.7933948306335
1.0184999999999	1.7959400332834
1.0189999999999	1.7984704908096
1.0194999999999	1.8009861807063
1.0199999999999	1.8034870805917
1.0204999999999	1.8059731682082
1.0209999999999	1.8084444214233
1.0214999999999	1.8109008182293
1.0219999999999	1.8133423367436
1.0224999999999	1.8157689552097
1.0229999999999	1.8181806519966
1.0234999999999	1.8205774055999
1.0239999999999	1.8229591946417
1.0244999999999	1.8253259978707
1.0249999999999	1.8276777941630
1.0254999999999	1.8300145625223
1.0259999999999	1.8323362820798
1.0264999999999	1.8346429320948
1.0269999999999	1.8369344919553
1.0274999999999	1.8392109411775
1.0279999999999	1.8414722594069
1.0284999999999	1.8437184264182
1.0289999999999	1.8459494221156
1.0294999999999	1.8481652265331
1.0299999999999	1.8503658198349
1.0304999999999	1.8525511823156
1.0309999999999	1.8547212944006
1.0314999999999	1.8568761366462
1.0319999999999	1.8590156897399
1.0324999999999	1.8611399345010
1.0329999999999	1.8632488518804
1.0334999999999	1.8653424229613
1.0339999999999	1.8674206289591
1.0344999999999	1.8694834512222
1.0349999999999	1.8715308712315
1.0354999999999	1.8735628706015
1.0359999999999	1.8755794310800
1.0364999999999	1.8775805345486
1.0369999999999	1.8795661630231
1.0374999999999	1.8815362986534
1.0379999999999	1.8834909237239
1.0384999999999	1.8854300206540
1.0389999999999	1.8873535719981
1.0394999999999	1.8892615604460
1.0399999999999	1.8911539688231
1.0404999999999	1.8930307800906
1.0409999999999	1.8948919773459
1.0414999999999	1.8967375438226
1.0419999999999	1.8985674628912
1.0424999999999	1.9003817180587
1.0429999999999	1.9021802929696
1.0434999999999	1.9039631714056
1.0439999999999	1.9057303372858
1.0444999999999	1.9074817746675
1.0449999999999	1.9092174677459
1.0454999999999	1.9109374008545
1.0459999999999	1.9126415584654
1.0464999999999	1.9143299251897
1.0469999999999	1.9160024857771
1.0474999999999	1.9176592251170
1.0479999999999	1.9193001282380
1.0484999999999	1.9209251803085
1.0489999999999	1.9225343666370
1.0494999999999	1.9241276726720
1.0499999999999	1.9257050840024
1.0504999999999	1.9272665863577
1.0509999999999	1.9288121656084
1.0514999999999	1.9303418077657
1.0519999999999	1.9318554989825
1.0524999999999	1.9333532255528
1.0529999999999	1.9348349739125
1.0534999999999	1.9363007306394
1.0539999999999	1.9377504824531
1.0544999999999	1.9391842162159
1.0549999999999	1.9406019189323
1.0554999999999	1.9420035777496
1.0559999999999	1.9433891799582
1.0564999999999	1.9447587129912
1.0569999999999	1.9461121644253
1.0574999999999	1.9474495219806
1.0579999999999	1.9487707735208
1.0584999999999	1.9500759070536
1.0589999999999	1.9513649107307
1.0594999999999	1.9526377728478
1.0599999999999	1.9538944818454
1.0604999999999	1.9551350263083
1.0609999999999	1.9563593949662
1.0614999999999	1.9575675766936
1.0619999999999	1.9587595605105
1.0624999999999	1.9599353355817
1.0629999999999	1.9610948912176
1.0634999999999	1.9622382168746
1.0639999999999	1.9633653021543
1.0644999999999	1.9644761368047
1.0649999999999	1.9655707107196
1.0654999999999	1.9666490139394
1.0659999999999	1.9677110366507
1.0664999999999	1.9687567691866
1.0669999999999	1.9697862020272
1.0674999999999	1.9707993257992
1.0679999999999	1.9717961312766
1.0684999999999	1.9727766093803
1.0689999999999	1.9737407511788
1.0694999999999	1.9746885478879
1.0699999999999	1.9756199908708
1.0704999999999	1.9765350716389
1.0709999999999	1.9774337818510
1.0714999999999	1.9783161133142
1.0719999999999	1.9791820579835
1.0724999999999	1.9800316079624
1.0729999999999	1.9808647555026
1.0734999999999	1.9816814930043
1.0739999999999	1.9824818130165
1.0744999999999	1.9832657082366
1.0749999999999	1.9840331715112
1.0754999999999	1.9847841958356
1.0759999999999	1.9855187743545
1.0764999999999	1.9862369003614
1.0769999999999	1.9869385672993
1.0774999999999	1.9876237687606
1.0779999999999	1.9882924984872
1.0784999999999	1.9889447503705
1.0789999999999	1.9895805184517
1.0794999999999	1.9901997969218
1.0799999999999	1.9908025801215
1.0804999999999	1.9913888625418
1.0809999999999	1.9919586388233
1.0814999999999	1.9925119037572
1.0819999999999	1.9930486522847
1.0824999999999	1.9935688794973
1.0829999999999	1.9940725806370
1.0834999999999	1.9945597510961
1.0839999999999	1.9950303864175
1.0844999999999	1.9954844822949
1.0849999999999	1.9959220345723
1.0854999999999	1.9963430392448
1.0859999999999	1.9967474924582
1.0864999999999	1.9971353905089
1.0869999999999	1.9975067298446
1.0874999999999	1.9978615070639
1.0879999999999	1.9981997189162
1.0884999999999	1.9985213623022
1.0889999999999	1.9988264342739
1.0894999999999	1.9991149320340
1.0899999999999	1.9993868529369
1.0904999999999	1.9996421944880
1.0909999999999	1.9998809543442
1.0914999999999	2.0001031303135
1.0919999999999	2.0003087203556
1.0924999999999	2.0004977225814
1.0929999999999	2.0006701352533
1.0934999999999	2.0008259567853
1.0939999999999	2.0009651857426
1.0944999999999	2.0010878208422
1.0949999999999	2.0011938609526
1.0954999999999	2.0012833050938
1.0959999999999	2.0013561524374
1.0964999999999	2.0014124023066
1.0969999999999	2.0014520541762
1.0974999999999	2.0014751076726
1.0979999999999	2.0014815625739
1.0984999999999	2.0014714188097
1.0989999999999	2.0014446764614
1.0994999999999	2.0014013357617
1.0999999999999	2.0013413970953
1.1004999999999	2.0012648609983
1.1009999999999	2.0011717281584
1.1014999999999	2.0010619994150
1.1019999999999	2.0009356757589
1.1024999999999	2.0007927583327
1.1029999999999	2.0006332484303
1.1034999999999	2.0004571474974
1.1039999999999	2.0002644571310
1.1044999999999	2.0000551790796
1.1049999999999	1.9998293152432
1.1054999999999	1.9995868676732
1.1059999999999	1.9993278385724
1.1064999999999	1.9990522302949
1.1069999999999	1.9987600453462
1.1074999999999	1.9984512863830
1.1079999999999	1.9981259562132
1.1084999999999	1.9977840577959
1.1089999999999	1.9974255942416
1.1094999999999	1.9970505688114
1.1099999999999	1.9966589849179
1.1104999999999	1.9962508461244
1.1109999999999	1.9958261561452
1.1114999999999	1.9953849188456
1.1119999999999	1.9949271382414
1.1124999999999	1.9944528184994
1.1129999999999	1.9939619639371
1.1134999999999	1.9934545790223
1.1139999999999	1.9929306683738
1.1144999999999	1.9923902367604
1.1149999999999	1.9918332891015
1.1154999999999	1.9912598304669
1.1159999999999	1.9906698660765
1.1164999999999	1.9900634013003
1.1169999999999	1.9894404416585
1.1174999999999	1.9888009928211
1.1179999999999	1.9881450606081
1.1184999999999	1.9874726509893
1.1189999999999	1.9867837700842
1.1194999999999	1.9860784241617
1.1199999999999	1.9853566196405
1.1204999999999	1.9846183630885
1.1209999999999	1.9838636612229
1.1214999999999	1.9830925209101
1.1219999999999	1.9823049491656
1.1224999999999	1.9815009531540
1.1229999999999	1.9806805401884
1.1234999999999	1.9798437177310
1.1239999999999	1.9789904933923
1.1244999999999	1.9781208749317
1.1249999999999	1.9772348702565
1.1254999999999	1.9763324874227
1.1259999999999	1.9754137346340
1.1264999999999	1.9744786202425
1.1269999999999	1.9735271527478
1.1274999999999	1.9725593407975
1.1279999999999	1.9715751931867
1.1284999999999	1.9705747188579
1.1289999999999	1.9695579269009
1.1294999999999	1.9685248265528
1.1299999999999	1.9674754271977
1.1304999999999	1.9664097383664
1.1309999999999	1.9653277697367
1.1314999999999	1.9642295311327
1.1319999999999	1.9631150325253
1.1324999999999	1.9619842840311
1.1329999999999	1.9608372959134
1.1334999999999	1.9596740785811
1.1339999999999	1.9584946425890
1.1344999999999	1.9572989986375
1.1349999999999	1.9560871575725
1.1354999999999	1.9548591303850
1.1359999999999	1.9536149282114
1.1364999999999	1.9523545623328
1.1369999999999	1.9510780441752
1.1374999999999	1.9497853853093
1.1379999999999	1.9484765974498
1.1384999999999	1.9471516924561
1.1389999999999	1.9458106823313
1.1394999999999	1.9444535792227
1.1399999999999	1.9430803954208
1.1404999999999	1.9416911433600
1.1409999999999	1.9402858356179
1.1414999999999	1.9388644849150
1.1419999999999	1.9374271041148
1.1424999999999	1.9359737062237
1.1429999999999	1.9345043043903
1.1434999999999	1.9330189119056
1.1439999999999	1.9315175422029
1.1444999999999	1.9300002088570
1.1449999999999	1.9284669255846
1.1454999999999	1.9269177062440
1.1459999999999	1.9253525648345
1.1464999999999	1.9237715154966
1.1469999999999	1.9221745725116
1.1474999999999	1.9205617503013
1.1479999999999	1.9189330634281
1.1484999999999	1.9172885265943
1.1489999999999	1.9156281546424
1.1494999999999	1.9139519625545
1.1499999999999	1.9122599654521
1.1504999999999	1.9105521785962
1.1509999999999	1.9088286173865
1.1514999999999	1.9070892973619
1.1519999999999	1.9053342341995
1.1524999999999	1.9035634437149
1.1529999999999	1.9017769418618
1.1534999999999	1.8999747447317
1.1539999999999	1.8981568685536
1.1544999999999	1.8963233296941
1.1549999999999	1.8944741446567
1.1554999999999	1.8926093300818
1.1559999999999	1.8907289027466
1.1564999999999	1.8888328795644
1.1569999999999	1.8869212775848
1.1574999999999	1.8849941139932
1.1579999999999	1.8830514061106
1.1584999999999	1.8810931713934
1.1589999999999	1.8791194274328
1.1594999999999	1.8771301919553
1.1599999999999	1.8751254828216
1.1604999999999	1.8731053180268
1.1609999999999	1.8710697157001
1.1614999999999	1.8690186941043
1.1619999999999	1.8669522716358
1.1624999999999	1.8648704668243
1.1629999999999	1.8627732983323
1.1634999999999	1.8606607849549
1.1639999999999	1.8585329456199
1.1644999999999	1.8563897993869
1.1649999999999	1.8542313654476
1.1654999999999	1.8520576631250
1.1659999999999	1.8498687118737
1.1664999999999	1.8476645312788
1.1669999999999	1.8454451410567
1.1674999999999	1.8432105610538
1.1679999999999	1.8409608112467
1.1684999999999	1.8386959117420
1.1689999999999	1.8364158827757
1.1694999999999	1.8341207447132
1.1699999999999	1.8318105180486
1.1704999999999	1.8294852234050
1.1709999999999	1.8271448815336
1.1714999999999	1.8247895133139
1.1719999999999	1.8224191397530
1.1724999999999	1.8200337819854
1.1729999999999	1.8176334612731
1.1734999999999	1.8152181990047
1.1739999999999	1.8127880166954
1.1744999999999	1.8103429359866
1.1749999999999	1.8078829786458
1.1754999999999	1.8054081665661
1.1759999999999	1.8029185217658
1.1764999999999	1.8004140663882
1.1769999999999	1.7978948227016
1.1774999999999	1.7953608130984
1.1779999999999	1.7928120600951
1.1784999999999	1.7902485863320
1.1789999999999	1.7876704145730
1.1794999999999	1.7850775677047
1.1799999999999	1.7824700687369
1.1804999999999	1.7798479408017
1.1809999999999	1.7772112071534
1.1814999999999	1.7745598911681
1.1819999999999	1.7718940163433
1.1824999999999	1.7692136062979
1.1829999999999	1.7665186847715
1.1834999999999	1.7638092756243
1.1839999999999	1.7610854028365
1.1844999999999	1.7583470905084
1.1849999999999	1.7555943628598
1.1854999999999	1.7528272442295
1.1859999999999	1.7500457590753
1.1864999999999	1.7472499319735
1.1869999999999	1.7444397876188
1.1874999999999	1.7416153508233
1.1879999999999	1.7387766465170
1.1884999999999	1.7359236997470
1.1889999999999	1.7330565356771
1.1894999999999	1.7301751795877
1.1899999999999	1.7272796568755
1.1904999999999	1.7243699930527
1.1909999999999	1.7214462137471
1.1914999999999	1.7185083447018
1.1919999999999	1.7155564117745
1.1924999999999	1.7125904409373
1.1929999999999	1.7096104582765
1.1934999999999	1.7066164899921
1.1939999999999	1.7036085623976
1.1944999999999	1.7005867019192
1.1949999999999	1.6975509350962
1.1954999999999	1.6945012885801
1.1959999999999	1.6914377891341
1.1964999999999	1.6883604636336
1.1969999999999	1.6852693390648
1.1974999999999	1.6821644425250
1.1979999999999	1.6790458012221
1.1984999999999	1.6759134424741
1.1989999999999	1.6727673937092
1.1994999999999	1.6696076824646
1.1999999999999	1.6664343363870
1.2004999999999	1.6632473832317
1.2009999999999	1.6600468508627
1.2014999999999	1.6568327672518
1.2019999999999	1.6536051604786
1.2024999999999	1.6503640587300
1.2029999999999	1.6471094903000
1.2034999999999	1.6438414835892
1.2039999999999	1.6405600671043
1.2044999999999	1.6372652694582
1.2049999999999	1.6339571193689
1.2054999999999	1.6306356456601
1.2059999999999	1.6273008772599
1.2064999999999	1.6239528432011
1.2069999999999	1.6205915726203
1.2074999999999	1.6172170947580
1.2079999999999	1.6138294389581
1.2084999999999	1.6104286346674
1.2089999999999	1.6070147114351
1.2094999999999	1.6035876989131
1.2099999999999	1.6001476268547
1.2104999999999	1.5966945251149
1.2109999999999	1.5932284236500
1.2114999999999	1.5897493525168
1.2119999999999	1.5862573418727
1.2124999999999	1.5827524219748
1.2129999999999	1.5792346231803
1.2134999999999	1.5757039759453
1.2139999999999	1.5721605108250
1.2144999999999	1.5686042584731
1.2149999999999	1.5650352496414
1.2154999999999	1.5614535151797
1.2159999999999	1.5578590860350
1.2164999999999	1.5542519932513
1.2169999999999	1.5506322679696
1.2174999999999	1.5469999414268
1.2179999999999	1.5433550449561
1.2184999999999	1.5396976099858
1.2189999999999	1.5360276680400
1.2194999999999	1.5323452507369
1.2199999999999	1.5286503897897
1.2204999999999	1.5249431170054
1.2209999999999	1.5212234642847
1.2214999999999	1.5174914636215
1.2219999999999	1.5137471471029
1.2224999999999	1.5099905469084
1.2229999999999	1.5062216953095
1.2234999999999	1.5024406246698
1.2239999999999	1.4986473674442
1.2244999999999	1.4948419561787
1.2249999999999	1.4910244235098
1.2254999999999	1.4871948021645
1.2259999999999	1.4833531249597
1.2264999999999	1.4794994248017
1.2269999999999	1.4756337346862
1.2274999999999	1.4717560876974
1.2279999999999	1.4678665170082
1.2284999999999	1.4639650558793
1.2289999999999	1.4600517376594
1.2294999999999	1.4561265957840
1.2299999999999	1.4521896637761
1.2304999999999	1.4482409752447
1.2309999999999	1.4442805638853
1.2314999999999	1.4403084634791
1.2319999999999	1.4363247078926
1.2324999999999	1.4323293310775
1.2329999999999	1.4283223670701
1.2334999999999	1.4243038499910
1.2339999999999	1.4202738140446
1.2344999999999	1.4162322935189
1.2349999999999	1.4121793227851
1.2354999999999	1.4081149362972
1.2359999999999	1.4040391685915
1.2364999999999	1.3999520542865
1.2369999999999	1.3958536280821
1.2374999999999	1.3917439247598
1.2379999999999	1.3876229791817
1.2384999999999	1.3834908262907
1.2389999999999	1.3793475011097
1.2394999999999	1.3751930387415
1.2399999999999	1.3710274743681
1.2404999999999	1.3668508432508
1.2409999999999	1.3626631807295
1.2414999999999	1.3584645222223
1.2419999999999	1.3542549032253
1.2424999999999	1.3500343593121
1.2429999999999	1.3458029261336
1.2434999999999	1.3415606394173
1.2439999999999	1.3373075349674
1.2444999999999	1.3330436486640
1.2449999999999	1.3287690164629
1.2454999999999	1.3244836743953
1.2459999999999	1.3201876585673
1.2464999999999	1.3158810051596
1.2469999999999	1.3115637504270
1.2474999999999	1.3072359306985
1.2479999999999	1.3028975823761
1.2484999999999	1.2985487419353
1.2489999999999	1.2941894459242
1.2494999999999	1.2898197309633
1.2499999999999	1.2854396337449
1.2504999999999	1.2810491910334
1.2509999999999	1.2766484396640
1.2514999999999	1.2722374165432
1.2519999999999	1.2678161586477
1.2524999999999	1.2633847030246
1.2529999999999	1.2589430867908
1.2534999999999	1.2544913471327
1.2539999999999	1.2500295213055
1.2544999999999	1.2455576466334
1.2549999999999	1.2410757605089
1.2554999999999	1.2365839003926
1.2559999999999	1.2320821038125
1.2564999999999	1.2275704083641
1.2569999999999	1.2230488517096
1.2574999999999	1.2185174715780
1.2579999999999	1.2139763057644
1.2584999999999	1.2094253921297
1.2589999999999	1.2048647686002
1.2594999999999	1.2002944731675
1.2599999999999	1.1957145438879
1.2604999999999	1.1911250188821
1.2609999999999	1.1865259363347
1.2614999999999	1.1819173344943
1.2619999999999	1.1772992516727
1.2624999999999	1.1726717262444
1.2629999999999	1.1680347966471
1.2634999999999	1.1633885013803
1.2639999999999	1.1587328790055
1.2644999999999	1.1540679681460
1.2649999999999	1.1493938074861
1.2654999999999	1.1447104357711
1.2659999999999	1.1400178918067
1.2664999999999	1.1353162144588
1.2669999999999	1.1306054426532
1.2674999999999	1.1258856153750
1.2679999999999	1.1211567716686
1.2684999999999	1.1164189506371
1.2689999999999	1.1116721914419
1.2694999999999	1.1069165333027
1.2699999999999	1.1021520154967
1.2704999999999	1.0973786773588
1.2709999999999	1.0925965582805
1.2714999999999	1.0878056977104
1.2719999999999	1.0830061351533
1.2724999999999	1.0781979101699
1.2729999999999	1.0733810623768
1.2734999999999	1.0685556314456
1.2739999999999	1.0637216571034
1.2744999999999	1.0588791791314
1.2749999999999	1.0540282373653
1.2754999999999	1.0491688716951
1.2759999999999	1.0443011220639
1.2764999999999	1.0394250284683
1.2769999999999	1.0345406309581
1.2774999999999	1.0296479696354
1.2779999999999	1.0247470846548
1.2784999999999	1.0198380162226
1.2789999999999	1.0149208045969
1.2794999999999	1.0099954900872
1.2799999999999	1.0050621130537
1.2804999999999	1.0001207139073
1.2809999999999	0.9951713331093
1.2814999999999	0.9902140111709
1.2819999999999	0.9852487886528
1.2824999999999	0.9802757061652
1.2829999999999	0.9752948043671
1.2834999999999	0.9703061239663
1.2839999999999	0.9653097057188
1.2844999999999	0.9603055904287
1.2849999999999	0.9552938189477
1.2854999999999	0.9502744321748
1.2859999999999	0.9452474710561
1.2864999999999	0.9402129765844
1.2869999999999	0.9351709897987
1.2874999999999	0.9301215517843
1.2879999999999	0.9250647036722
1.2884999999999	0.9200004866386
1.2889999999999	0.9149289419049
1.2894999999999	0.9098501107374
1.2899999999999	0.9047640344468
1.2904999999999	0.8996707543877
1.2909999999999	0.8945703119589
1.2914999999999	0.8894627486024
1.2919999999999	0.8843481058035
1.2924999999999	0.8792264250905
1.2929999999999	0.8740977480341
1.2934999999999	0.8689621162473
1.2939999999999	0.8638195713850
1.2944999999999	0.8586701551438
1.2949999999999	0.8535139092616
1.2954999999999	0.8483508755172
1.2959999999999	0.8431810957302
1.2964999999999	0.8380046117607
1.2969999999999	0.8328214655087
1.2974999999999	0.8276316989140
1.2979999999999	0.8224353539559
1.2984999999999	0.8172324726529
1.2989999999999	0.8120230970624
1.2994999999999	0.8068072692801
1.2999999999999	0.8015850314403
1.3004999999999	0.7963564257150
1.3009999999999	0.7911214943139
1.3014999999999	0.7858802794842
1.3019999999999	0.7806328235099
1.3024999999999	0.7753791687120
1.3029999999999	0.7701193574478
1.3034999999999	0.7648534321107
1.3039999999999	0.7595814351301
1.3044999999999	0.7543034089709
1.3049999999999	0.7490193961333
1.3054999999999	0.7437294391522
1.3059999999999	0.7384335805977
1.3064999999999	0.7331318630737
1.3069999999999	0.7278243292187
1.3074999999999	0.7225110217046
1.3079999999999	0.7171919832370
1.3084999999999	0.7118672565546
1.3089999999999	0.7065368844293
1.3094999999999	0.7012009096652
1.3099999999999	0.6958593750991
1.3104999999999	0.6905123235996
1.3109999999999	0.6851597980674
1.3114999999999	0.6798018414343
1.3119999999999	0.6744384966636
1.3124999999999	0.6690698067494
1.3129999999999	0.6636958147163
1.3134999999999	0.6583165636194
1.3139999999999	0.6529320965438
1.3144999999999	0.6475424566046
1.3149999999999	0.6421476869460
1.3154999999999	0.6367478307416
1.3159999999999	0.6313429311941
1.3164999999999	0.6259330315347
1.3169999999999	0.6205181750229
1.3174999999999	0.6150984049465
1.3179999999999	0.6096737646209
1.3184999999999	0.6042442973892
1.3189999999999	0.5988100466218
1.3194999999999	0.5933710557159
1.3199999999999	0.5879273680956
1.3204999999999	0.5824790272115
1.3209999999999	0.5770260765401
1.3214999999999	0.5715685595840
1.3219999999999	0.5661065198714
1.3224999999999	0.5606400009558
1.3229999999999	0.5551690464159
1.3234999999999	0.5496936998551
1.3239999999999	0.5442140049014
1.3244999999999	0.5387300052069
1.3249999999999	0.5332417444481
1.3254999999999	0.5277492663248
1.3259999999999	0.5222526145604
1.3264999999999	0.5167518329018
1.3269999999999	0.5112469651184
1.3274999999999	0.5057380550026
1.3279999999999	0.5002251463690
1.3284999999999	0.4947082830544
1.3289999999999	0.4891875089176
1.3294999999999	0.4836628678388
1.3299999999999	0.4781344037196
1.3304999999999	0.4726021604830
1.3309999999999	0.4670661820723
1.3314999999999	0.4615265124518
1.3319999999999	0.4559831956059
1.3324999999999	0.4504362755391
1.3329999999999	0.4448857962756
1.3334999999999	0.4393318018594
1.3339999999999	0.4337743363534
1.3344999999999	0.4282134438398
1.3349999999999	0.4226491684194
1.3354999999999	0.4170815542115
1.3359999999999	0.4115106453537
1.3364999999999	0.4059364860016
1.3369999999999	0.4003591203285
1.3374999999999	0.3947785925251
1.3379999999999	0.3891949467995
1.3384999999999	0.3836082273766
1.3389999999999	0.3780184784980
1.3394999999999	0.3724257444219
1.3399999999999	0.3668300694227
1.3404999999999	0.3612314977906
1.3409999999999	0.3556300738316
1.3414999999999	0.3500258418671
1.3419999999999	0.3444188462339
1.3424999999999	0.3388091312836
1.3429999999999	0.3331967413823
1.3434999999999	0.3275817209110
1.3439999999999	0.3219641142645
1.3444999999999	0.3163439658518
1.3449999999999	0.3107213200955
1.3454999999999	0.3050962214317
1.3459999999999	0.2994687143096
1.3464999999999	0.2938388431916
1.3469999999999	0.2882066525526
1.3474999999999	0.2825721868801
1.3479999999999	0.2769354906737
1.3484999999999	0.2712966084450
1.3489999999999	0.2656555847176
1.3494999999999	0.2600124640261
1.3499999999999	0.2543672909169
1.3504999999999	0.2487201099470
1.3509999999999	0.2430709656842
1.3514999999999	0.2374199027070
1.3519999999999	0.2317669656040
1.3524999999999	0.2261121989740
1.3529999999999	0.2204556474253
1.3534999999999	0.2147973555761
1.3539999999999	0.2091373680536
1.3544999999999	0.2034757294942
1.3549999999999	0.1978124845431
1.3554999999999	0.1921476778540
1.3559999999999	0.1864813540892
1.3564999999999	0.1808135579187
1.3569999999999	0.1751443340206
1.3574999999999	0.1694737270805
1.3579999999999	0.1638017817916
1.3584999999999	0.1581285428539
1.3589999999999	0.1524540549746
1.3594999999999	0.1467783628673
1.3599999999999	0.1411015112522
1.3604999999999	0.1354235448555
1.3609999999999	0.1297445084095
1.3614999999999	0.1240644466521
1.3619999999999	0.1183834043268
1.3624999999999	0.1127014261821
1.3629999999999	0.1070185569717
1.3634999999999	0.1013348414538
1.3639999999999	0.0956503243913
1.3644999999999	0.0899650505514
1.3649999999999	0.0842790647052
1.3654999999999	0.0785924116277
1.3659999999999	0.0729051360972
1.3664999999999	0.0672172828957
1.3669999999999	0.0615288968081
1.3674999999999	0.0558400226220
1.3679999999999	0.0501507051279
1.3684999999999	0.0444609891184
1.3689999999999	0.0387709193885
1.3694999999999	0.0330805407349
1.3699999999999	0.0273898979559
1.3704999999999	0.0216990358515
1.3709999999999	0.0160079992226
1.3714999999999	0.0103168328713
1.3719999999999	0.0046255816002
1.3724999999999	-0.0010657097876
1.3729999999999	-0.0067569964885
1.3734999999999	-0.0124482336992
1.3739999999999	-0.0181393766165
1.3744999999999	-0.0238303804378
1.3749999999999	-0.0295212003609
1.3754999999999	-0.0352117915848
1.3759999999999	-0.0409021093097
1.3764999999999	-0.0465921087370
1.3769999999999	-0.0522817450700
1.3774999999999	-0.0579709735137
1.3779999999999	-0.0636597492753
1.3784999999999	-0.0693480275644
1.3789999999999	-0.0750357635931
1.3794999999999	-0.0807229125764
1.3799999999999	-0.0864094297324
1.3804999999999	-0.0920952702824
1.3809999999999	-0.0977803894514
1.3814999999999	-0.1034647424681
1.3819999999999	-0.1091482845651
1.3824999999999	-0.1148309709796
1.3829999999999	-0.1205127569530
1.3834999999999	-0.1261935977315
1.3839999999999	-0.1318734485663
1.3844999999999	-0.1375522647139
1.3849999999999	-0.1432300014360
1.3854999999999	-0.1489066140002
1.3859999999999	-0.1545820576801
1.3864999999999	-0.1602562877553
1.3869999999999	-0.1659292595117
1.3874999999999	-0.1716009282422
1.3879999999999	-0.1772712492463
1.3884999999999	-0.1829401778307
1.3889999999999	-0.1886076693095
1.3894999999999	-0.1942736790043
1.3899999999999	-0.1999381622447
1.3904999999999	-0.2056010743683
1.3909999999999	-0.2112623707210
1.3914999999999	-0.2169220066573
1.3919999999999	-0.2225799375405
1.3924999999999	-0.2282361187431
1.3929999999999	-0.2338905056466
1.3934999999999	-0.2395430536422
1.3939999999999	-0.2451937181309
1.3944999999999	-0.2508424545237
1.3949999999999	-0.2564892182418
1.3954999999999	-0.2621339647170
1.3959999999999	-0.2677766493917
1.3964999999999	-0.2734172277196
1.3969999999999	-0.2790556551652
1.3974999999999	-0.2846918872050
1.3979999999999	-0.2903258793266
1.3984999999999	-0.2959575870302
1.3989999999999	-0.3015869658279
1.3994999999999	-0.3072139712442
1.3999999999999	-0.3128385588164
1.4004999999999	-0.3184606840949
1.4009999999999	-0.3240803026431
1.4014999999999	-0.3296973700379
1.4019999999999	-0.3353118418700
1.4024999999999	-0.3409236737440
1.4029999999999	-0.3465328212786
1.4034999999999	-0.3521392401071
1.4039999999999	-0.3577428858774
1.4044999999999	-0.3633437142523
1.4049999999999	-0.3689416809099
1.4054999999999	-0.3745367415438
1.4059999999999	-0.3801288518631
1.4064999999999	-0.3857179675931
1.4069999999999	-0.3913040444750
1.4074999999999	-0.3968870382667
1.4079999999999	-0.4024669047427
1.4084999999999	-0.4080435996946
1.4089999999999	-0.4136170789310
1.4094999999999	-0.4191872982781
1.4099999999999	-0.4247542135798
1.4104999999999	-0.4303177806980
1.4109999999999	-0.4358779555128
1.4114999999999	-0.4414346939228
1.4119999999999	-0.4469879518455
1.4124999999999	-0.4525376852171
1.4129999999999	-0.4580838499933
1.4134999999999	-0.4636264021493
1.4139999999999	-0.4691652976800
1.4144999999999	-0.4747004926004
1.4149999999999	-0.4802319429459
1.4154999999999	-0.4857596047722
1.4159999999999	-0.4912834341560
1.4164999999999	-0.4968033871952
1.4169999999999	-0.5023194200087
1.4174999999999	-0.5078314887375
1.4179999999999	-0.5133395495440
1.4184999999999	-0.5188435586130
1.4189999999999	-0.5243434721517
1.4194999999999	-0.5298392463899
1.4199999999999	-0.5353308375803
1.4204999999999	-0.5408182019989
1.4209999999999	-0.5463012959451
1.4214999999999	-0.5517800757421
1.4219999999999	-0.5572544977370
1.4224999999999	-0.5627245183013
1.4229999999999	-0.5681900938310
1.4234999999999	-0.5736511807468
1.4239999999999	-0.5791077354946
1.4244999999999	-0.5845597145456
1.4249999999999	-0.5900070743968
1.4254999999999	-0.5954497715708
1.4259999999999	-0.6008877626166
1.4264999999999	-0.6063210041096
1.4269999999999	-0.6117494526518
1.4274999999999	-0.6171730648724
1.4279999999999	-0.6225917974276
1.4284999999999	-0.6280056070014
1.4289999999999	-0.6334144503056
1.4294999999999	-0.6388182840798
1.4299999999999	-0.6442170650925
1.4304999999999	-0.6496107501404
1.4309999999999	-0.6549992960493
1.4314999999999	-0.6603826596744
1.4319999999999	-0.6657607979000
1.4324999999999	-0.6711336676405
1.4329999999999	-0.6765012258403
1.4334999999999	-0.6818634294742
1.4339999999999	-0.6872202355474
1.4344999999999	-0.6925716010963
1.4349999999999	-0.6979174831883
1.4354999999999	-0.7032578389224
1.4359999999999	-0.7085926254294
1.4364999999999	-0.7139217998720
1.4369999999999	-0.7192453194453
1.4374999999999	-0.7245631413772
1.4379999999999	-0.7298752229285
1.4384999999999	-0.7351815213929
1.4389999999999	-0.7404819940980
1.4394999999999	-0.7457765984050
1.4399999999999	-0.7510652917092
1.4404999999999	-0.7563480314404
1.4409999999999	-0.7616247750630
1.4414999999999	-0.7668954800763
1.4419999999999	-0.7721601040150
1.4424999999999	-0.7774186044493
1.4429999999999	-0.7826709389852
1.4434999999999	-0.7879170652651
1.4439999999999	-0.7931569409675
1.4444999999999	-0.7983905238080
1.4449999999999	-0.8036177715390
1.4454999999999	-0.8088386419504
1.4459999999999	-0.8140530928697
1.4464999999999	-0.8192610821624
1.4469999999999	-0.8244625677322
1.4474999999999	-0.8296575075214
1.4479999999999	-0.8348458595112
1.4484999999999	-0.8400275817220
1.4489999999999	-0.8452026322135
1.4494999999999	-0.8503709690854
1.4499999999999	-0.8555325504774
1.4504999999999	-0.8606873345696
1.4509999999999	-0.8658352795827
1.4514999999999	-0.8709763437787
1.4519999999999	-0.8761104854607
1.4524999999999	-0.8812376629734
1.4529999999999	-0.8863578347037
1.4534999999999	-0.8914709590806
1.4539999999999	-0.8965769945756
1.4544999999999	-0.9016758997031
1.4549999999999	-0.9067676330210
1.4554999999999	-0.9118521531304
1.4559999999999	-0.9169294186763
1.4564999999999	-0.9219993883480
1.4569999999999	-0.9270620208790
1.4574999999999	-0.9321172750478
1.4579999999999	-0.9371651096781
1.4584999999999	-0.9422054836386
1.4589999999999	-0.9472383558443
1.4594999999999	-0.9522636852558
1.4599999999999	-0.9572814308803
1.4604999999999	-0.9622915517718
1.4609999999999	-0.9672940070312
1.4614999999999	-0.9722887558067
1.4619999999999	-0.9772757572943
1.4624999999999	-0.9822549707381
1.4629999999999	-0.9872263554302
1.4634999999999	-0.9921898707117
1.4639999999999	-0.9971454759727
1.4644999999999	-1.0020931306522
1.4649999999999	-1.0070327942394
1.4654999999999	-1.0119644262730
1.4659999999999	-1.0168879863424
1.4664999999999	-1.0218034340874
1.4669999999999	-1.0267107291988
1.4674999999999	-1.0316098314187
1.4679999999999	-1.0365007005410
1.4684999999999	-1.0413832964114
1.4689999999999	-1.0462575789279
1.4694999999999	-1.0511235080412
1.4699999999999	-1.0559810437550
1.4704999999999	-1.0608301461264
1.4709999999999	-1.0656707752658
1.4714999999999	-1.0705028913380
1.4719999999999	-1.0753264545620
1.4724999999999	-1.0801414252113
1.4729999999999	-1.0849477636146
1.4734999999999	-1.0897454301559
1.4739999999999	-1.0945343852749
1.4744999999999	-1.0993145894673
1.4749999999999	-1.1040860032852
1.4754999999999	-1.1088485873373
1.4759999999999	-1.1136023022897
1.4764999999999	-1.1183471088655
1.4769999999999	-1.1230829678459
1.4774999999999	-1.1278098400699
1.4779999999999	-1.1325276864352
1.4784999999999	-1.1372364678982
1.4789999999999	-1.1419361454744
1.4794999999999	-1.1466266802388
1.4799999999999	-1.1513080333263
1.4804999999999	-1.1559801659319
1.4809999999999	-1.1606430393114
1.4814999999999	-1.1652966147811
1.4819999999999	-1.1699408537188
1.4824999999999	-1.1745757175639
1.4829999999999	-1.1792011678176
1.4834999999999	-1.1838171660436
1.4839999999999	-1.1884236738680
1.4844999999999	-1.1930206529802
1.4849999999999	-1.1976080651329
1.4854999999999	-1.2021858721422
1.4859999999999	-1.2067540358888
1.4864999999999	-1.2113125183174
1.4869999999999	-1.2158612814378
1.4874999999999	-1.2204002873247
1.4879999999999	-1.2249294981185
1.4884999999999	-1.2294488760254
1.4889999999999	-1.2339583833177
1.4894999999999	-1.2384579823346
1.4899999999999	-1.2429476354820
1.4904999999999	-1.2474273052331
1.4909999999999	-1.2518969541290
1.4914999999999	-1.2563565447785
1.4919999999999	-1.2608060398591
1.4924999999999	-1.2652454021169
1.4929999999999	-1.2696745943672
1.4934999999999	-1.2740935794947
1.4939999999999	-1.2785023204540
1.4944999999999	-1.2829007802699
1.4949999999999	-1.2872889220378
1.4954999999999	-1.2916667089241
1.4959999999999	-1.2960341041663
1.4964999999999	-1.3003910710739
1.4969999999999	-1.3047375730282
1.4974999999999	-1.3090735734831
1.4979999999999	-1.3133990359650
1.4984999999999	-1.3177139240736
1.4989999999999	-1.3220182014824
1.4994999999999	-1.3263118319382
1.4999999999999	-1.3305947792626
1.5004999999999	-1.3348670073516
