0.0000000000000	0.0000000000000
0.0005000000000	0.0009166656957
0.0010000000000	0.0018333244176
0.0015000000000	0.0027499685636
0.0020000000000	0.0036665905320
0.0025000000000	0.0045831827209
0.0030000000000	0.0054997375289
0.0035000000000	0.0064162473549
0.0040000000000	0.0073327045984
0.0045000000000	0.0082491016589
0.0050000000000	0.0091654309369
0.0055000000000	0.0100816848333
0.0060000000000	0.0109978557498
0.0065000000000	0.0119139360886
0.0070000000000	0.0128299182531
0.0075000000000	0.0137457946472
0.0080000000000	0.0146615576762
0.0085000000000	0.0155771997459
0.0090000000000	0.0164927132637
0.0095000000000	0.0174080906378
0.0100000000000	0.0183233242779
0.0105000000000	0.0192384065949
0.0110000000000	0.0201533300009
0.0115000000000	0.0210680869098
0.0120000000000	0.0219826697368
0.0125000000000	0.0228970708987
0.0130000000000	0.0238112828139
0.0135000000000	0.0247252979026
0.0140000000000	0.0256391085869
0.0145000000000	0.0265527072906
0.0150000000000	0.0274660864394
0.0155000000000	0.0283792384610
0.0160000000000	0.0292921557855
0.0165000000000	0.0302048308446
0.0170000000000	0.0311172560727
0.0175000000000	0.0320294239060
0.0180000000000	0.0329413267835
0.0185000000000	0.0338529571464
0.0190000000000	0.0347643074383
0.0195000000000	0.0356753701054
0.0200000000000	0.0365861375967
0.0205000000000	0.0374966023636
0.0210000000000	0.0384067568604
0.0215000000000	0.0393165935443
0.0220000000000	0.0402261048753
0.0225000000000	0.0411352833163
0.0230000000000	0.0420441213333
0.0235000000000	0.0429526113955
0.0240000000000	0.0438607459750
0.0245000000000	0.0447685175474
0.0250000000000	0.0456759185915
0.0255000000000	0.0465829415894
0.0260000000000	0.0474895790267
0.0265000000000	0.0483958233926
0.0270000000000	0.0493016671797
0.0275000000000	0.0502071028844
0.0280000000000	0.0511121230066
0.0285000000000	0.0520167200503
0.0290000000000	0.0529208865229
0.0295000000000	0.0538246149362
0.0300000000000	0.0547278978057
0.0305000000000	0.0556307276509
0.0310000000000	0.0565330969956
0.0315000000000	0.0574349983677
0.0320000000000	0.0583364242993
0.0325000000000	0.0592373673269
0.0330000000000	0.0601378199913
0.0335000000000	0.0610377748379
0.0340000000000	0.0619372244165
0.0345000000000	0.0628361612814
0.0350000000000	0.0637345779918
0.0355000000000	0.0646324671114
0.0360000000000	0.0655298212088
0.0365000000000	0.0664266328574
0.0370000000000	0.0673228946355
0.0375000000000	0.0682185991266
0.0380000000000	0.0691137389189
0.0385000000000	0.0700083066060
0.0390000000000	0.0709022947866
0.0395000000000	0.0717956960646
0.0400000000000	0.0726885030493
0.0405000000000	0.0735807083553
0.0410000000000	0.0744723046028
0.0415000000000	0.0753632844172
0.0420000000000	0.0762536404300
0.0425000000000	0.0771433652778
0.0430000000000	0.0780324516032
0.0435000000000	0.0789208920547
0.0440000000000	0.0798086792863
0.0445000000000	0.0806958059582
0.0450000000000	0.0815822647364
0.0455000000000	0.0824680482931
0.0460000000000	0.0833531493065
0.0465000000000	0.0842375604609
0.0470000000000	0.0851212744471
0.0475000000000	0.0860042839619
0.0480000000000	0.0868865817086
0.0485000000000	0.0877681603969
0.0490000000000	0.0886490127431
0.0495000000000	0.0895291314700
0.0500000000000	0.0904085093070
0.0505000000000	0.0912871389900
0.0510000000000	0.0921650132621
0.0515000000000	0.0930421248729
0.0520000000000	0.0939184665788
0.0525000000000	0.0947940311435
0.0530000000000	0.0956688113373
0.0535000000000	0.0965427999379
0.0540000000000	0.0974159897300
0.0545000000000	0.0982883735054
0.0550000000000	0.0991599440633
0.0555000000000	0.1000306942102
0.0560000000000	0.1009006167601
0.0565000000000	0.1017697045341
0.0570000000000	0.1026379503612
0.0575000000000	0.1035053470777
0.0580000000000	0.1043718875278
0.0585000000000	0.1052375645632
0.0590000000000	0.1061023710434
0.0595000000000	0.1069662998358
0.0600000000000	0.1078293438155
0.0605000000000	0.1086914958659
0.0610000000000	0.1095527488781
0.0615000000000	0.1104130957513
0.0620000000000	0.1112725293931
0.0625000000000	0.1121310427189
0.0630000000000	0.1129886286528
0.0635000000000	0.1138452801268
0.0640000000000	0.1147009900816
0.0645000000000	0.1155557514661
0.0650000000000	0.1164095572380
0.0655000000000	0.1172624003632
0.0660000000000	0.1181142738165
0.0665000000000	0.1189651705814
0.0670000000000	0.1198150836499
0.0675000000000	0.1206640060230
0.0680000000000	0.1215119307105
0.0685000000000	0.1223588507312
0.0690000000000	0.1232047591127
0.0695000000000	0.1240496488920
0.0700000000000	0.1248935131149
0.0705000000000	0.1257363448364
0.0710000000000	0.1265781371209
0.0715000000000	0.1274188830418
0.0720000000000	0.1282585756822
0.0725000000000	0.1290972081343
0.0730000000000	0.1299347734999
0.0735000000000	0.1307712648902
0.0740000000000	0.1316066754263
0.0745000000000	0.1324409982386
0.0750000000000	0.1332742264672
0.0755000000000	0.1341063532623
0.0760000000000	0.1349373717835
0.0765000000000	0.1357672752005
0.0770000000000	0.1365960566929
0.0775000000000	0.1374237094503
0.0780000000000	0.1382502266722
0.0785000000000	0.1390756015684
0.0790000000000	0.1398998273588
0.0795000000000	0.1407228972734
0.0800000000000	0.1415448045525
0.0805000000000	0.1423655424470
0.0810000000000	0.1431851042177
0.0815000000000	0.1440034831364
0.0820000000000	0.1448206724848
0.0825000000000	0.1456366655557
0.0830000000000	0.1464514556522
0.0835000000000	0.1472650360881
0.0840000000000	0.1480774001881
0.0845000000000	0.1488885412873
0.0850000000000	0.1496984527321
0.0855000000000	0.1505071278795
0.0860000000000	0.1513145600974
0.0865000000000	0.1521207427650
0.0870000000000	0.1529256692722
0.0875000000000	0.1537293330202
0.0880000000000	0.1545317274214
0.0885000000000	0.1553328458992
0.0890000000000	0.1561326818886
0.0895000000000	0.1569312288357
0.0900000000000	0.1577284801979
0.0905000000000	0.1585244294442
0.0910000000000	0.1593190700552
0.0915000000000	0.1601123955227
0.0920000000000	0.1609043993503
0.0925000000000	0.1616950750534
0.0930000000000	0.1624844161587
0.0935000000000	0.1632724162050
0.0940000000000	0.1640590687427
0.0945000000000	0.1648443673342
0.0950000000000	0.1656283055538
0.0955000000000	0.1664108769876
0.0960000000000	0.1671920752340
0.0965000000000	0.1679718939030
0.0970000000000	0.1687503266173
0.0975000000000	0.1695273670114
0.0980000000000	0.1703030087320
0.0985000000000	0.1710772454382
0.0990000000000	0.1718500708015
0.0995000000000	0.1726214785056
0.1000000000000	0.1733914622467
0.1005000000000	0.1741600157335
0.1010000000000	0.1749271326872
0.1015000000000	0.1756928068415
0.1020000000000	0.1764570319429
0.1025000000000	0.1772198017504
0.1030000000000	0.1779811100358
0.1035000000000	0.1787409505838
0.1040000000000	0.1794993171917
0.1045000000000	0.1802562036698
0.1050000000000	0.1810116038412
0.1055000000000	0.1817655115423
0.1060000000000	0.1825179206221
0.1065000000000	0.1832688249430
0.1070000000000	0.1840182183803
0.1075000000000	0.1847660948225
0.1080000000000	0.1855124481715
0.1085000000000	0.1862572723423
0.1090000000000	0.1870005612632
0.1095000000000	0.1877423088759
0.1100000000000	0.1884825091355
0.1105000000000	0.1892211560106
0.1110000000000	0.1899582434832
0.1115000000000	0.1906937655489
0.1120000000000	0.1914277162170
0.1125000000000	0.1921600895102
0.1130000000000	0.1928908794651
0.1135000000000	0.1936200801319
0.1140000000000	0.1943476855748
0.1145000000000	0.1950736898714
0.1150000000000	0.1957980871137
0.1155000000000	0.1965208714072
0.1160000000000	0.1972420368715
0.1165000000000	0.1979615776403
0.1170000000000	0.1986794878612
0.1175000000000	0.1993957616960
0.1180000000000	0.2001103933206
0.1185000000000	0.2008233769250
0.1190000000000	0.2015347067138
0.1195000000000	0.2022443769053
0.1200000000000	0.2029523817326
0.1205000000000	0.2036587154430
0.1210000000000	0.2043633722981
0.1215000000000	0.2050663465740
0.1220000000000	0.2057676325614
0.1225000000000	0.2064672245656
0.1230000000000	0.2071651169061
0.1235000000000	0.2078613039175
0.1240000000000	0.2085557799487
0.1245000000000	0.2092485393635
0.1250000000000	0.2099395765403
0.1255000000000	0.2106288858726
0.1260000000000	0.2113164617684
0.1265000000000	0.2120022986506
0.1270000000000	0.2126863909573
0.1275000000000	0.2133687331414
0.1280000000000	0.2140493196706
0.1285000000000	0.2147281450279
0.1290000000000	0.2154052037113
0.1295000000000	0.2160804902340
0.1300000000000	0.2167539991242
0.1305000000000	0.2174257249255
0.1310000000000	0.2180956621965
0.1315000000000	0.2187638055114
0.1320000000000	0.2194301494594
0.1325000000000	0.2200946886453
0.1330000000000	0.2207574176892
0.1335000000000	0.2214183312266
0.1340000000000	0.2220774239087
0.1345000000000	0.2227346904020
0.1350000000000	0.2233901253886
0.1355000000000	0.2240437235662
0.1360000000000	0.2246954796483
0.1365000000000	0.2253453883638
0.1370000000000	0.2259934444576
0.1375000000000	0.2266396426901
0.1380000000000	0.2272839778377
0.1385000000000	0.2279264446925
0.1390000000000	0.2285670380625
0.1395000000000	0.2292057527716
0.1400000000000	0.2298425836596
0.1405000000000	0.2304775255824
0.1410000000000	0.2311105734118
0.1415000000000	0.2317417220357
0.1420000000000	0.2323709663581
0.1425000000000	0.2329983012991
0.1430000000000	0.2336237217948
0.1435000000000	0.2342472227979
0.1440000000000	0.2348687992770
0.1445000000000	0.2354884462169
0.1450000000000	0.2361061586191
0.1455000000000	0.2367219315011
0.1460000000000	0.2373357598968
0.1465000000000	0.2379476388567
0.1470000000000	0.2385575634476
0.1475000000000	0.2391655287527
0.1480000000000	0.2397715298719
0.1485000000000	0.2403755619215
0.1490000000000	0.2409776200345
0.1495000000000	0.2415776993605
0.1500000000000	0.2421757950656
0.1505000000000	0.2427719023328
0.1510000000000	0.2433660163615
0.1515000000000	0.2439581323683
0.1520000000000	0.2445482455862
0.1525000000000	0.2451363512651
0.1530000000000	0.2457224446719
0.1535000000000	0.2463065210903
0.1540000000000	0.2468885758207
0.1545000000000	0.2474686041809
0.1550000000000	0.2480466015052
0.1555000000000	0.2486225631452
0.1560000000000	0.2491964844694
0.1565000000000	0.2497683608635
0.1570000000000	0.2503381877303
0.1575000000000	0.2509059604895
0.1580000000000	0.2514716745783
0.1585000000000	0.2520353254508
0.1590000000000	0.2525969085786
0.1595000000000	0.2531564194503
0.1600000000000	0.2537138535720
0.1605000000000	0.2542692064670
0.1610000000000	0.2548224736760
0.1615000000000	0.2553736507570
0.1620000000000	0.2559227332855
0.1625000000000	0.2564697168543
0.1630000000000	0.2570145970740
0.1635000000000	0.2575573695724
0.1640000000000	0.2580980299947
0.1645000000000	0.2586365740041
0.1650000000000	0.2591729972811
0.1655000000000	0.2597072955237
0.1660000000000	0.2602394644479
0.1665000000000	0.2607694997869
0.1670000000000	0.2612973972922
0.1675000000000	0.2618231527324
0.1680000000000	0.2623467618942
0.1685000000000	0.2628682205822
0.1690000000000	0.2633875246184
0.1695000000000	0.2639046698430
0.1700000000000	0.2644196521139
0.1705000000000	0.2649324673070
0.1710000000000	0.2654431113159
0.1715000000000	0.2659515800524
0.1720000000000	0.2664578694460
0.1725000000000	0.2669619754446
0.1730000000000	0.2674638940136
0.1735000000000	0.2679636211370
0.1740000000000	0.2684611528163
0.1745000000000	0.2689564850717
0.1750000000000	0.2694496139411
0.1755000000000	0.2699405354806
0.1760000000000	0.2704292457647
0.1765000000000	0.2709157408858
0.1770000000000	0.2714000169549
0.1775000000000	0.2718820701009
0.1780000000000	0.2723618964711
0.1785000000000	0.2728394922312
0.1790000000000	0.2733148535652
0.1795000000000	0.2737879766752
0.1800000000000	0.2742588577821
0.1805000000000	0.2747274931248
0.1810000000000	0.2751938789609
0.1815000000000	0.2756580115662
0.1820000000000	0.2761198872353
0.1825000000000	0.2765795022810
0.1830000000000	0.2770368530347
0.1835000000000	0.2774919358464
0.1840000000000	0.2779447470845
0.1845000000000	0.2783952831363
0.1850000000000	0.2788435404074
0.1855000000000	0.2792895153221
0.1860000000000	0.2797332043235
0.1865000000000	0.2801746038731
0.1870000000000	0.2806137104514
0.1875000000000	0.2810505205574
0.1880000000000	0.2814850307090
0.1885000000000	0.2819172374426
0.1890000000000	0.2823471373138
0.1895000000000	0.2827747268965
0.1900000000000	0.2832000027839
0.1905000000000	0.2836229615877
0.1910000000000	0.2840435999386
0.1915000000000	0.2844619144863
0.1920000000000	0.2848779018991
0.1925000000000	0.2852915588646
0.1930000000000	0.2857028820890
0.1935000000000	0.2861118682977
0.1940000000000	0.2865185142351
0.1945000000000	0.2869228166644
0.1950000000000	0.2873247723679
0.1955000000000	0.2877243781472
0.1960000000000	0.2881216308225
0.1965000000000	0.2885165272336
0.1970000000000	0.2889090642390
0.1975000000000	0.2892992387165
0.1980000000000	0.2896870475631
0.1985000000000	0.2900724876947
0.1990000000000	0.2904555560466
0.1995000000000	0.2908362495734
0.2000000000000	0.2912145652486
0.2005000000000	0.2915905000651
0.2010000000000	0.2919640510352
0.2015000000000	0.2923352151901
0.2020000000000	0.2927039895806
0.2025000000000	0.2930703712768
0.2030000000000	0.2934343573678
0.2035000000000	0.2937959449625
0.2040000000000	0.2941551311888
0.2045000000000	0.2945119131941
0.2050000000000	0.2948662881451
0.2055000000000	0.2952182532281
0.2060000000000	0.2955678056487
0.2065000000000	0.2959149426320
0.2070000000000	0.2962596614223
0.2075000000000	0.2966019592837
0.2080000000000	0.2969418334997
0.2085000000000	0.2972792813732
0.2090000000000	0.2976143002267
0.2095000000000	0.2979468874021
0.2100000000000	0.2982770402612
0.2105000000000	0.2986047561849
0.2110000000000	0.2989300325741
0.2115000000000	0.2992528668489
0.2120000000000	0.2995732564494
0.2125000000000	0.2998911988350
0.2130000000000	0.3002066914850
0.2135000000000	0.3005197318981
0.2140000000000	0.3008303175929
0.2145000000000	0.3011384461076
0.2150000000000	0.3014441150000
0.2155000000000	0.3017473218477
0.2160000000000	0.3020480642480
0.2165000000000	0.3023463398180
0.2170000000000	0.3026421461945
0.2175000000000	0.3029354810341
0.2180000000000	0.3032263420131
0.2185000000000	0.3035147268276
0.2190000000000	0.3038006331936
0.2195000000000	0.3040840588469
0.2200000000000	0.3043650015431
0.2205000000000	0.3046434590575
0.2210000000000	0.3049194291855
0.2215000000000	0.3051929097423
0.2220000000000	0.3054638985629
0.2225000000000	0.3057323935022
0.2230000000000	0.3059983924350
0.2235000000000	0.3062618932563
0.2240000000000	0.3065228938805
0.2245000000000	0.3067813922424
0.2250000000000	0.3070373862965
0.2255000000000	0.3072908740175
0.2260000000000	0.3075418533997
0.2265000000000	0.3077903224577
0.2270000000000	0.3080362792261
0.2275000000000	0.3082797217593
0.2280000000000	0.3085206481318
0.2285000000000	0.3087590564383
0.2290000000000	0.3089949447933
0.2295000000000	0.3092283113315
0.2300000000000	0.3094591542077
0.2305000000000	0.3096874715964
0.2310000000000	0.3099132616928
0.2315000000000	0.3101365227117
0.2320000000000	0.3103572528881
0.2325000000000	0.3105754504773
0.2330000000000	0.3107911137546
0.2335000000000	0.3110042410153
0.2340000000000	0.3112148305751
0.2345000000000	0.3114228807696
0.2350000000000	0.3116283899548
0.2355000000000	0.3118313565066
0.2360000000000	0.3120317788213
0.2365000000000	0.3122296553153
0.2370000000000	0.3124249844252
0.2375000000000	0.3126177646078
0.2380000000000	0.3128079943400
0.2385000000000	0.3129956721192
0.2390000000000	0.3131807964627
0.2395000000000	0.3133633659083
0.2400000000000	0.3135433790139
0.2405000000000	0.3137208343576
0.2410000000000	0.3138957305380
0.2415000000000	0.3140680661737
0.2420000000000	0.3142378399037
0.2425000000000	0.3144050503873
0.2430000000000	0.3145696963041
0.2435000000000	0.3147317763538
0.2440000000000	0.3148912892566
0.2445000000000	0.3150482337531
0.2450000000000	0.3152026086039
0.2455000000000	0.3153544125903
0.2460000000000	0.3155036445135
0.2465000000000	0.3156503031954
0.2470000000000	0.3157943874781
0.2475000000000	0.3159358962241
0.2480000000000	0.3160748283162
0.2485000000000	0.3162111826575
0.2490000000000	0.3163449581716
0.2495000000000	0.3164761538024
0.2500000000000	0.3166047685142
0.2505000000000	0.3167308012918
0.2510000000000	0.3168542511400
0.2515000000000	0.3169751170846
0.2520000000000	0.3170933981712
0.2525000000000	0.3172090934662
0.2530000000000	0.3173222020562
0.2535000000000	0.3174327230484
0.2540000000000	0.3175406555702
0.2545000000000	0.3176459987697
0.2550000000000	0.3177487518151
0.2555000000000	0.3178489138953
0.2560000000000	0.3179464842195
0.2565000000000	0.3180414620174
0.2570000000000	0.3181338465392
0.2575000000000	0.3182236370554
0.2580000000000	0.3183108328570
0.2585000000000	0.3183954332556
0.2590000000000	0.3184774375830
0.2595000000000	0.3185568451918
0.2600000000000	0.3186336554549
0.2605000000000	0.3187078677655
0.2610000000000	0.3187794815375
0.2615000000000	0.3188484962052
0.2620000000000	0.3189149112235
0.2625000000000	0.3189787260675
0.2630000000000	0.3190399402332
0.2635000000000	0.3190985532367
0.2640000000000	0.3191545646147
0.2645000000000	0.3192079739246
0.2650000000000	0.3192587807441
0.2655000000000	0.3193069846714
0.2660000000000	0.3193525853253
0.2665000000000	0.3193955823450
0.2670000000000	0.3194359753902
0.2675000000000	0.3194737641413
0.2680000000000	0.3195089482990
0.2685000000000	0.3195415275846
0.2690000000000	0.3195715017398
0.2695000000000	0.3195988705271
0.2700000000000	0.3196236337291
0.2705000000000	0.3196457911493
0.2710000000000	0.3196653426115
0.2715000000000	0.3196822879600
0.2720000000000	0.3196966270599
0.2725000000000	0.3197083597964
0.2730000000000	0.3197174860755
0.2735000000000	0.3197240058237
0.2740000000000	0.3197279189879
0.2745000000000	0.3197292255357
0.2750000000000	0.3197279254550
0.2755000000000	0.3197240187545
0.2760000000000	0.3197175054630
0.2765000000000	0.3197083856304
0.2770000000000	0.3196966593265
0.2775000000000	0.3196823266421
0.2780000000000	0.3196653876884
0.2785000000000	0.3196458425969
0.2790000000000	0.3196236915199
0.2795000000000	0.3195989346300
0.2800000000000	0.3195715721206
0.2805000000000	0.3195416042052
0.2810000000000	0.3195090311183
0.2815000000000	0.3194738531144
0.2820000000000	0.3194360704690
0.2825000000000	0.3193956834778
0.2830000000000	0.3193526924571
0.2835000000000	0.3193070977438
0.2840000000000	0.3192588996951
0.2845000000000	0.3192080986888
0.2850000000000	0.3191546951233
0.2855000000000	0.3190986894174
0.2860000000000	0.3190400820104
0.2865000000000	0.3189788733622
0.2870000000000	0.3189150639530
0.2875000000000	0.3188486542837
0.2880000000000	0.3187796448755
0.2885000000000	0.3187080362703
0.2890000000000	0.3186338290302
0.2895000000000	0.3185570237380
0.2900000000000	0.3184776209970
0.2905000000000	0.3183956214307
0.2910000000000	0.3183110256835
0.2915000000000	0.3182238344198
0.2920000000000	0.3181340483248
0.2925000000000	0.3180416681041
0.2930000000000	0.3179466944836
0.2935000000000	0.3178491282098
0.2940000000000	0.3177489700496
0.2945000000000	0.3176462207904
0.2950000000000	0.3175408812398
0.2955000000000	0.3174329522263
0.2960000000000	0.3173224345983
0.2965000000000	0.3172093292251
0.2970000000000	0.3170936369960
0.2975000000000	0.3169753588211
0.2980000000000	0.3168544956306
0.2985000000000	0.3167310483753
0.2990000000000	0.3166050180263
0.2995000000000	0.3164764055752
0.3000000000000	0.3163452120340
0.3005000000000	0.3162114384348
0.3010000000000	0.3160750858304
0.3015000000000	0.3159361552940
0.3020000000000	0.3157946479189
0.3025000000000	0.3156505648189
0.3030000000000	0.3155039071282
0.3035000000000	0.3153546760014
0.3040000000000	0.3152028726132
0.3045000000000	0.3150484981590
0.3050000000000	0.3148915538541
0.3055000000000	0.3147320409345
0.3060000000000	0.3145699606564
0.3065000000000	0.3144053142963
0.3070000000000	0.3142381031509
0.3075000000000	0.3140683285374
0.3080000000000	0.3138959917930
0.3085000000000	0.3137210942756
0.3090000000000	0.3135436373631
0.3095000000000	0.3133636224536
0.3100000000000	0.3131810509657
0.3105000000000	0.3129959243381
0.3110000000000	0.3128082440298
0.3115000000000	0.3126180115199
0.3120000000000	0.3124252283081
0.3125000000000	0.3122298959138
0.3130000000000	0.3120320158770
0.3135000000000	0.3118315897579
0.3140000000000	0.3116286191367
0.3145000000000	0.3114231056138
0.3150000000000	0.3112150508099
0.3155000000000	0.3110044563660
0.3160000000000	0.3107913239429
0.3165000000000	0.3105756552218
0.3170000000000	0.3103574519040
0.3175000000000	0.3101367157109
0.3180000000000	0.3099134483840
0.3185000000000	0.3096876516851
0.3190000000000	0.3094593273959
0.3195000000000	0.3092284773183
0.3200000000000	0.3089951032742
0.3205000000000	0.3087592071056
0.3210000000000	0.3085207906746
0.3215000000000	0.3082798558634
0.3220000000000	0.3080364045742
0.3225000000000	0.3077904387292
0.3230000000000	0.3075419602706
0.3235000000000	0.3072909711608
0.3240000000000	0.3070374733819
0.3245000000000	0.3067814689362
0.3250000000000	0.3065229598460
0.3255000000000	0.3062619481535
0.3260000000000	0.3059984359207
0.3265000000000	0.3057324252300
0.3270000000000	0.3054639181832
0.3275000000000	0.3051929169023
0.3280000000000	0.3049194235292
0.3285000000000	0.3046434402257
0.3290000000000	0.3043649691734
0.3295000000000	0.3040840125739
0.3300000000000	0.3038005726485
0.3305000000000	0.3035146516386
0.3310000000000	0.3032262518050
0.3315000000000	0.3029353754289
0.3320000000000	0.3026420248108
0.3325000000000	0.3023462022712
0.3330000000000	0.3020479101506
0.3335000000000	0.3017471508088
0.3340000000000	0.3014439266258
0.3345000000000	0.3011382400011
0.3350000000000	0.3008300933540
0.3355000000000	0.3005194891235
0.3360000000000	0.3002064297683
0.3365000000000	0.2998909177668
0.3370000000000	0.2995729556170
0.3375000000000	0.2992525458368
0.3380000000000	0.2989296909635
0.3385000000000	0.2986043935541
0.3390000000000	0.2982766561851
0.3395000000000	0.2979464814530
0.3400000000000	0.2976138719733
0.3405000000000	0.2972788303816
0.3410000000000	0.2969413593328
0.3415000000000	0.2966014615013
0.3420000000000	0.2962591395812
0.3425000000000	0.2959143962859
0.3430000000000	0.2955672343484
0.3435000000000	0.2952176565213
0.3440000000000	0.2948656655765
0.3445000000000	0.2945112643054
0.3450000000000	0.2941544555187
0.3455000000000	0.2937952420467
0.3460000000000	0.2934336267391
0.3465000000000	0.2930696124648
0.3470000000000	0.2927032021122
0.3475000000000	0.2923343985890
0.3480000000000	0.2919632048222
0.3485000000000	0.2915896237583
0.3490000000000	0.2912136583627
0.3495000000000	0.2908353116205
0.3500000000000	0.2904545865358
0.3505000000000	0.2900714861320
0.3510000000000	0.2896860134518
0.3515000000000	0.2892981715570
0.3520000000000	0.2889079635286
0.3525000000000	0.2885153924668
0.3530000000000	0.2881204614909
0.3535000000000	0.2877231737395
0.3540000000000	0.2873235323700
0.3545000000000	0.2869215405592
0.3550000000000	0.2865172015028
0.3555000000000	0.2861105184156
0.3560000000000	0.2857014945315
0.3565000000000	0.2852901331032
0.3570000000000	0.2848764374026
0.3575000000000	0.2844604107206
0.3580000000000	0.2840420563668
0.3585000000000	0.2836213776701
0.3590000000000	0.2831983779780
0.3595000000000	0.2827730606570
0.3600000000000	0.2823454290925
0.3605000000000	0.2819154866888
0.3610000000000	0.2814832368690
0.3615000000000	0.2810486830748
0.3620000000000	0.2806118287671
0.3625000000000	0.2801726774251
0.3630000000000	0.2797312325472
0.3635000000000	0.2792874976502
0.3640000000000	0.2788414762698
0.3645000000000	0.2783931719602
0.3650000000000	0.2779425882944
0.3655000000000	0.2774897288640
0.3660000000000	0.2770345972792
0.3665000000000	0.2765771971689
0.3670000000000	0.2761175321803
0.3675000000000	0.2756556059794
0.3680000000000	0.2751914222507
0.3685000000000	0.2747249846971
0.3690000000000	0.2742562970400
0.3695000000000	0.2737853630194
0.3700000000000	0.2733121863934
0.3705000000000	0.2728367709389
0.3710000000000	0.2723591204509
0.3715000000000	0.2718792387429
0.3720000000000	0.2713971296467
0.3725000000000	0.2709127970123
0.3730000000000	0.2704262447083
0.3735000000000	0.2699374766212
0.3740000000000	0.2694464966560
0.3745000000000	0.2689533087356
0.3750000000000	0.2684579168016
0.3755000000000	0.2679603248131
0.3760000000000	0.2674605367480
0.3765000000000	0.2669585566018
0.3770000000000	0.2664543883884
0.3775000000000	0.2659480361396
0.3780000000000	0.2654395039052
0.3785000000000	0.2649287957532
0.3790000000000	0.2644159157694
0.3795000000000	0.2639008680577
0.3800000000000	0.2633836567397
0.3805000000000	0.2628642859552
0.3810000000000	0.2623427598616
0.3815000000000	0.2618190826343
0.3820000000000	0.2612932584665
0.3825000000000	0.2607652915692
0.3830000000000	0.2602351861711
0.3835000000000	0.2597029465187
0.3840000000000	0.2591685768761
0.3845000000000	0.2586320815253
0.3850000000000	0.2580934647658
0.3855000000000	0.2575527309146
0.3860000000000	0.2570098843066
0.3865000000000	0.2564649292940
0.3870000000000	0.2559178702466
0.3875000000000	0.2553687115519
0.3880000000000	0.2548174576146
0.3885000000000	0.2542641128570
0.3890000000000	0.2537086817188
0.3895000000000	0.2531511686571
0.3900000000000	0.2525915781463
0.3905000000000	0.2520299146782
0.3910000000000	0.2514661827619
0.3915000000000	0.2509003869237
0.3920000000000	0.2503325317072
0.3925000000000	0.2497626216732
0.3930000000000	0.2491906613997
0.3935000000000	0.2486166554817
0.3940000000000	0.2480406085316
0.3945000000000	0.2474625251785
0.3950000000000	0.2468824100689
0.3955000000000	0.2463002678662
0.3960000000000	0.2457161032507
0.3965000000000	0.2451299209197
0.3970000000000	0.2445417255876
0.3975000000000	0.2439515219854
0.3980000000000	0.2433593148612
0.3985000000000	0.2427651089798
0.3990000000000	0.2421689091228
0.3995000000000	0.2415707200886
0.4000000000000	0.2409705466923
0.4005000000000	0.2403683937657
0.4010000000000	0.2397642661574
0.4015000000000	0.2391581687323
0.4020000000000	0.2385501063721
0.4025000000000	0.2379400839752
0.4030000000000	0.2373281064562
0.4035000000000	0.2367141787465
0.4040000000000	0.2360983057937
0.4045000000000	0.2354804925620
0.4050000000000	0.2348607440319
0.4055000000000	0.2342390652003
0.4060000000000	0.2336154610804
0.4065000000000	0.2329899367015
0.4070000000000	0.2323624971095
0.4075000000000	0.2317331473663
0.4080000000000	0.2311018925499
0.4085000000000	0.2304687377546
0.4090000000000	0.2298336880906
0.4095000000000	0.2291967486845
0.4100000000000	0.2285579246786
0.4105000000000	0.2279172212313
0.4110000000000	0.2272746435170
0.4115000000000	0.2266301967259
0.4120000000000	0.2259838860643
0.4125000000000	0.2253357167541
0.4130000000000	0.2246856940331
0.4135000000000	0.2240338231549
0.4140000000000	0.2233801093888
0.4145000000000	0.2227245580198
0.4150000000000	0.2220671743485
0.4155000000000	0.2214079636911
0.4160000000000	0.2207469313796
0.4165000000000	0.2200840827611
0.4170000000000	0.2194194231987
0.4175000000000	0.2187529580707
0.4180000000000	0.2180846927706
0.4185000000000	0.2174146327078
0.4190000000000	0.2167427833065
0.4195000000000	0.2160691500066
0.4200000000000	0.2153937382631
0.4205000000000	0.2147165535461
0.4210000000000	0.2140376013412
0.4215000000000	0.2133568871487
0.4220000000000	0.2126744164845
0.4225000000000	0.2119901948790
0.4230000000000	0.2113042278782
0.4235000000000	0.2106165210426
0.4240000000000	0.2099270799478
0.4245000000000	0.2092359101844
0.4250000000000	0.2085430173577
0.4255000000000	0.2078484070879
0.4260000000000	0.2071520850098
0.4265000000000	0.2064540567732
0.4270000000000	0.2057543280423
0.4275000000000	0.2050529044961
0.4280000000000	0.2043497918281
0.4285000000000	0.2036449957466
0.4290000000000	0.2029385219740
0.4295000000000	0.2022303762474
0.4300000000000	0.2015205643184
0.4305000000000	0.2008090919528
0.4310000000000	0.2000959649308
0.4315000000000	0.1993811890470
0.4320000000000	0.1986647701100
0.4325000000000	0.1979467139428
0.4330000000000	0.1972270263826
0.4335000000000	0.1965057132805
0.4340000000000	0.1957827805018
0.4345000000000	0.1950582339258
0.4350000000000	0.1943320794458
0.4355000000000	0.1936043229690
0.4360000000000	0.1928749704165
0.4365000000000	0.1921440277233
0.4370000000000	0.1914115008379
0.4375000000000	0.1906773957231
0.4380000000000	0.1899417183548
0.4385000000000	0.1892044747230
0.4390000000000	0.1884656708311
0.4395000000000	0.1877253126961
0.4400000000000	0.1869834063485
0.4405000000000	0.1862399578323
0.4410000000000	0.1854949732049
0.4415000000000	0.1847484585371
0.4420000000000	0.1840004199130
0.4425000000000	0.1832508634300
0.4430000000000	0.1824997951988
0.4435000000000	0.1817472213430
0.4440000000000	0.1809931479997
0.4445000000000	0.1802375813188
0.4450000000000	0.1794805274634
0.4455000000000	0.1787219926097
0.4460000000000	0.1779619829464
0.4465000000000	0.1772005046756
0.4470000000000	0.1764375640118
0.4475000000000	0.1756731671827
0.4480000000000	0.1749073204285
0.4485000000000	0.1741400300021
0.4490000000000	0.1733713021691
0.4495000000000	0.1726011432076
0.4500000000000	0.1718295594084
0.4505000000000	0.1710565570747
0.4510000000000	0.1702821425221
0.4515000000000	0.1695063220787
0.4520000000000	0.1687291020848
0.4525000000000	0.1679504888932
0.4530000000000	0.1671704888686
0.4535000000000	0.1663891083882
0.4540000000000	0.1656063538413
0.4545000000000	0.1648222316290
0.4550000000000	0.1640367481648
0.4555000000000	0.1632499098740
0.4560000000000	0.1624617231937
0.4565000000000	0.1616721945732
0.4570000000000	0.1608813304733
0.4575000000000	0.1600891373667
0.4580000000000	0.1592956217379
0.4585000000000	0.1585007900830
0.4590000000000	0.1577046489096
0.4595000000000	0.1569072047370
0.4600000000000	0.1561084640959
0.4605000000000	0.1553084335286
0.4610000000000	0.1545071195886
0.4615000000000	0.1537045288408
0.4620000000000	0.1529006678616
0.4625000000000	0.1520955432384
0.4630000000000	0.1512891615697
0.4635000000000	0.1504815294654
0.4640000000000	0.1496726535463
0.4645000000000	0.1488625404443
0.4650000000000	0.1480511968021
0.4655000000000	0.1472386292735
0.4660000000000	0.1464248445231
0.4665000000000	0.1456098492262
0.4670000000000	0.1447936500688
0.4675000000000	0.1439762537479
0.4680000000000	0.1431576669708
0.4685000000000	0.1423378964554
0.4690000000000	0.1415169489303
0.4695000000000	0.1406948311345
0.4700000000000	0.1398715498172
0.4705000000000	0.1390471117383
0.4710000000000	0.1382215236676
0.4715000000000	0.1373947923855
0.4720000000000	0.1365669246822
0.4725000000000	0.1357379273584
0.4730000000000	0.1349078072246
0.4735000000000	0.1340765711014
0.4740000000000	0.1332442258193
0.4745000000000	0.1324107782187
0.4750000000000	0.1315762351499
0.4755000000000	0.1307406034729
0.4760000000000	0.1299038900575
0.4765000000000	0.1290661017829
0.4770000000000	0.1282272455382
0.4775000000000	0.1273873282219
0.4780000000000	0.1265463567420
0.4785000000000	0.1257043380160
0.4790000000000	0.1248612789706
0.4795000000000	0.1240171865418
0.4800000000000	0.1231720676751
0.4805000000000	0.1223259293249
0.4810000000000	0.1214787784549
0.4815000000000	0.1206306220377
0.4820000000000	0.1197814670551
0.4825000000000	0.1189313204977
0.4830000000000	0.1180801893651
0.4835000000000	0.1172280806656
0.4840000000000	0.1163750014163
0.4845000000000	0.1155209586431
0.4850000000000	0.1146659593804
0.4855000000000	0.1138100106713
0.4860000000000	0.1129531195674
0.4865000000000	0.1120952931286
0.4870000000000	0.1112365384235
0.4875000000000	0.1103768625288
0.4880000000000	0.1095162725295
0.4885000000000	0.1086547755189
0.4890000000000	0.1077923785985
0.4895000000000	0.1069290888778
0.4900000000000	0.1060649134742
0.4905000000000	0.1051998595133
0.4910000000000	0.1043339341285
0.4915000000000	0.1034671444611
0.4920000000000	0.1025994976602
0.4925000000000	0.1017310008824
0.4930000000000	0.1008616612923
0.4935000000000	0.0999914860617
0.4940000000000	0.0991204823704
0.4945000000000	0.0982486574052
0.4950000000000	0.0973760183607
0.4955000000000	0.0965025724385
0.4960000000000	0.0956283268477
0.4965000000000	0.0947532888046
0.4970000000000	0.0938774655327
0.4975000000000	0.0930008642623
0.4980000000000	0.0921234922310
0.4985000000000	0.0912453566834
0.4990000000000	0.0903664648708
0.4995000000000	0.0894868240514
0.5000000000000	0.0886064414903
0.5005000000000	0.0877253244590
0.5010000000000	0.0868434802361
0.5015000000000	0.0859609161063
0.5020000000000	0.0850776393612
0.5025000000000	0.0841936572985
0.5030000000000	0.0833089772227
0.5035000000000	0.0824236064441
0.5040000000000	0.0815375522798
0.5045000000000	0.0806508220527
0.5050000000000	0.0797634230919
0.5055000000000	0.0788753627328
0.5060000000000	0.0779866483164
0.5065000000000	0.0770972871899
0.5070000000000	0.0762072867063
0.5075000000000	0.0753166542244
0.5080000000000	0.0744253971087
0.5085000000000	0.0735335227295
0.5090000000000	0.0726410384624
0.5095000000000	0.0717479516889
0.5100000000000	0.0708542697958
0.5105000000000	0.0699600001751
0.5110000000000	0.0690651502245
0.5115000000000	0.0681697273468
0.5120000000000	0.0672737389499
0.5125000000000	0.0663771924471
0.5130000000000	0.0654800952565
0.5135000000000	0.0645824548014
0.5140000000000	0.0636842785099
0.5145000000000	0.0627855738150
0.5150000000000	0.0618863481546
0.5155000000000	0.0609866089713
0.5160000000000	0.0600863637124
0.5165000000000	0.0591856198295
0.5170000000000	0.0582843847793
0.5175000000000	0.0573826660224
0.5180000000000	0.0564804710242
0.5185000000000	0.0555778072543
0.5190000000000	0.0546746821865
0.5195000000000	0.0537711032989
0.5200000000000	0.0528670780736
0.5205000000000	0.0519626139971
0.5210000000000	0.0510577185595
0.5215000000000	0.0501523992549
0.5220000000000	0.0492466635816
0.5225000000000	0.0483405190412
0.5230000000000	0.0474339731395
0.5235000000000	0.0465270333856
0.5240000000000	0.0456197072924
0.5245000000000	0.0447120023762
0.5250000000000	0.0438039261568
0.5255000000000	0.0428954861574
0.5260000000000	0.0419866899046
0.5265000000000	0.0410775449281
0.5270000000000	0.0401680587609
0.5275000000000	0.0392582389389
0.5280000000000	0.0383480930014
0.5285000000000	0.0374376284904
0.5290000000000	0.0365268529510
0.5295000000000	0.0356157739308
0.5300000000000	0.0347043989807
0.5305000000000	0.0337927356538
0.5310000000000	0.0328807915061
0.5315000000000	0.0319685740962
0.5320000000000	0.0310560909850
0.5325000000000	0.0301433497360
0.5330000000000	0.0292303579149
0.5335000000000	0.0283171230900
0.5340000000000	0.0274036528314
0.5345000000000	0.0264899547117
0.5350000000000	0.0255760363054
0.5355000000000	0.0246619051891
0.5360000000000	0.0237475689412
0.5365000000000	0.0228330351423
0.5370000000000	0.0219183113744
0.5375000000000	0.0210034052215
0.5380000000000	0.0200883242692
0.5385000000000	0.0191730761048
0.5390000000000	0.0182576683169
0.5395000000000	0.0173421084958
0.5400000000000	0.0164264042330
0.5405000000000	0.0155105631215
0.5410000000000	0.0145945927555
0.5415000000000	0.0136785007303
0.5420000000000	0.0127622946424
0.5425000000000	0.0118459820893
0.5430000000000	0.0109295706695
0.5435000000000	0.0100130679825
0.5440000000000	0.0090964816284
0.5445000000000	0.0081798192082
0.5450000000000	0.0072630883238
0.5455000000000	0.0063462965775
0.5460000000000	0.0054294515721
0.5465000000000	0.0045125609110
0.5470000000000	0.0035956321981
0.5475000000000	0.0026786730376
0.5480000000000	0.0017616910339
0.5485000000000	0.0008446937916
0.5490000000000	-0.0000723110843
0.5495000000000	-0.0009893159891
0.5500000000000	-0.0019063133177
0.5505000000000	-0.0028232954655
0.5510000000000	-0.0037402548277
0.5515000000000	-0.0046571837997
0.5520000000000	-0.0055740747774
0.5525000000000	-0.0064909201569
0.5530000000000	-0.0074077123347
0.5535000000000	-0.0083244437079
0.5540000000000	-0.0092411066739
0.5545000000000	-0.0101576936310
0.5550000000000	-0.0110741969780
0.5555000000000	-0.0119906091146
0.5560000000000	-0.0129069224412
0.5565000000000	-0.0138231293592
0.5570000000000	-0.0147392222709
0.5575000000000	-0.0156551935796
0.5580000000000	-0.0165710356898
0.5585000000000	-0.0174867410072
0.5590000000000	-0.0184023019385
0.5595000000000	-0.0193177108921
0.5600000000000	-0.0202329602775
0.5605000000000	-0.0211480425056
0.5610000000000	-0.0220629499892
0.5615000000000	-0.0229776751422
0.5620000000000	-0.0238922103805
0.5625000000000	-0.0248065481215
0.5630000000000	-0.0257206807848
0.5635000000000	-0.0266346007913
0.5640000000000	-0.0275483005643
0.5645000000000	-0.0284617725288
0.5650000000000	-0.0293750091121
0.5655000000000	-0.0302880027435
0.5660000000000	-0.0312007458546
0.5665000000000	-0.0321132308792
0.5670000000000	-0.0330254502534
0.5675000000000	-0.0339373964160
0.5680000000000	-0.0348490618079
0.5685000000000	-0.0357604388728
0.5690000000000	-0.0366715200570
0.5695000000000	-0.0375822978095
0.5700000000000	-0.0384927645819
0.5705000000000	-0.0394029128288
0.5710000000000	-0.0403127350077
0.5715000000000	-0.0412222235790
0.5720000000000	-0.0421313710061
0.5725000000000	-0.0430401697557
0.5730000000000	-0.0439486122973
0.5735000000000	-0.0448566911041
0.5740000000000	-0.0457643986522
0.5745000000000	-0.0466717274213
0.5750000000000	-0.0475786698946
0.5755000000000	-0.0484852185586
0.5760000000000	-0.0493913659035
0.5765000000000	-0.0502971044232
0.5770000000000	-0.0512024266152
0.5775000000000	-0.0521073249809
0.5780000000000	-0.0530117920254
0.5785000000000	-0.0539158202580
0.5790000000000	-0.0548194021916
0.5795000000000	-0.0557225303434
0.5800000000000	-0.0566251972348
0.5805000000000	-0.0575273953912
0.5810000000000	-0.0584291173423
0.5815000000000	-0.0593303556222
0.5820000000000	-0.0602311027693
0.5825000000000	-0.0611313513265
0.5830000000000	-0.0620310938413
0.5835000000000	-0.0629303228657
0.5840000000000	-0.0638290309564
0.5845000000000	-0.0647272106748
0.5850000000000	-0.0656248545870
0.5855000000000	-0.0665219552643
0.5860000000000	-0.0674185052825
0.5865000000000	-0.0683144972227
0.5870000000000	-0.0692099236709
0.5875000000000	-0.0701047772183
0.5880000000000	-0.0709990504613
0.5885000000000	-0.0718927360015
0.5890000000000	-0.0727858264459
0.5895000000000	-0.0736783144068
0.5900000000000	-0.0745701925020
0.5905000000000	-0.0754614533550
0.5910000000000	-0.0763520895945
0.5915000000000	-0.0772420938552
0.5920000000000	-0.0781314587775
0.5925000000000	-0.0790201770073
0.5930000000000	-0.0799082411966
0.5935000000000	-0.0807956440034
0.5940000000000	-0.0816823780914
0.5945000000000	-0.0825684361306
0.5950000000000	-0.0834538107969
0.5955000000000	-0.0843384947725
0.5960000000000	-0.0852224807460
0.5965000000000	-0.0861057614120
0.5970000000000	-0.0869883294716
0.5975000000000	-0.0878701776324
0.5980000000000	-0.0887512986085
0.5985000000000	-0.0896316851205
0.5990000000000	-0.0905113298956
0.5995000000000	-0.0913902256679
0.6000000000000	-0.0922683651779
0.6005000000000	-0.0931457411734
0.6010000000000	-0.0940223464086
0.6015000000000	-0.0948981736450
0.6020000000000	-0.0957732156509
0.6025000000000	-0.0966474652019
0.6030000000000	-0.0975209150806
0.6035000000000	-0.0983935580767
0.6040000000000	-0.0992653869875
0.6045000000000	-0.1001363946172
0.6050000000000	-0.1010065737779
0.6055000000000	-0.1018759172886
0.6060000000000	-0.1027444179763
0.6065000000000	-0.1036120686753
0.6070000000000	-0.1044788622277
0.6075000000000	-0.1053447914832
0.6080000000000	-0.1062098492994
0.6085000000000	-0.1070740285416
0.6090000000000	-0.1079373220831
0.6095000000000	-0.1087997228050
0.6100000000000	-0.1096612235967
0.6105000000000	-0.1105218173554
0.6110000000000	-0.1113814969866
0.6115000000000	-0.1122402554040
0.6120000000000	-0.1130980855295
0.6125000000000	-0.1139549802934
0.6130000000000	-0.1148109326343
0.6135000000000	-0.1156659354994
0.6140000000000	-0.1165199818442
0.6145000000000	-0.1173730646331
0.6150000000000	-0.1182251768387
0.6155000000000	-0.1190763114427
0.6160000000000	-0.1199264614353
0.6165000000000	-0.1207756198155
0.6170000000000	-0.1216237795915
0.6175000000000	-0.1224709337801
0.6180000000000	-0.1233170754071
0.6185000000000	-0.1241621975076
0.6190000000000	-0.1250062931256
0.6195000000000	-0.1258493553144
0.6200000000000	-0.1266913771365
0.6205000000000	-0.1275323516636
0.6210000000000	-0.1283722719769
0.6215000000000	-0.1292111311669
0.6220000000000	-0.1300489223336
0.6225000000000	-0.1308856385866
0.6230000000000	-0.1317212730451
0.6235000000000	-0.1325558188377
0.6240000000000	-0.1333892691029
0.6245000000000	-0.1342216169891
0.6250000000000	-0.1350528556543
0.6255000000000	-0.1358829782664
0.6260000000000	-0.1367119780034
0.6265000000000	-0.1375398480530
0.6270000000000	-0.1383665816133
0.6275000000000	-0.1391921718922
0.6280000000000	-0.1400166121080
0.6285000000000	-0.1408398954892
0.6290000000000	-0.1416620152743
0.6295000000000	-0.1424829647126
0.6300000000000	-0.1433027370634
0.6305000000000	-0.1441213255966
0.6310000000000	-0.1449387235926
0.6315000000000	-0.1457549243424
0.6320000000000	-0.1465699211476
0.6325000000000	-0.1473837073204
0.6330000000000	-0.1481962761839
0.6335000000000	-0.1490076210717
0.6340000000000	-0.1498177353286
0.6345000000000	-0.1506266123100
0.6350000000000	-0.1514342453825
0.6355000000000	-0.1522406279234
0.6360000000000	-0.1530457533214
0.6365000000000	-0.1538496149761
0.6370000000000	-0.1546522062983
0.6375000000000	-0.1554535207101
0.6380000000000	-0.1562535516448
0.6385000000000	-0.1570522925471
0.6390000000000	-0.1578497368730
0.6395000000000	-0.1586458780901
0.6400000000000	-0.1594407096773
0.6405000000000	-0.1602342251252
0.6410000000000	-0.1610264179360
0.6415000000000	-0.1618172816234
0.6420000000000	-0.1626068097129
0.6425000000000	-0.1633949957419
0.6430000000000	-0.1641818332594
0.6435000000000	-0.1649673158264
0.6440000000000	-0.1657514370158
0.6445000000000	-0.1665341904123
0.6450000000000	-0.1673155696129
0.6455000000000	-0.1680955682266
0.6460000000000	-0.1688741798743
0.6465000000000	-0.1696513981893
0.6470000000000	-0.1704272168172
0.6475000000000	-0.1712016294157
0.6480000000000	-0.1719746296548
0.6485000000000	-0.1727462112171
0.6490000000000	-0.1735163677974
0.6495000000000	-0.1742850931032
0.6500000000000	-0.1750523808545
0.6505000000000	-0.1758182247836
0.6510000000000	-0.1765826186358
0.6515000000000	-0.1773455561689
0.6520000000000	-0.1781070311535
0.6525000000000	-0.1788670373729
0.6530000000000	-0.1796255686233
0.6535000000000	-0.1803826187139
0.6540000000000	-0.1811381814665
0.6545000000000	-0.1818922507163
0.6550000000000	-0.1826448203112
0.6555000000000	-0.1833958841123
0.6560000000000	-0.1841454359938
0.6565000000000	-0.1848934698432
0.6570000000000	-0.1856399795611
0.6575000000000	-0.1863849590614
0.6580000000000	-0.1871284022713
0.6585000000000	-0.1878703031313
0.6590000000000	-0.1886106555956
0.6595000000000	-0.1893494536315
0.6600000000000	-0.1900866912200
0.6605000000000	-0.1908223623557
0.6610000000000	-0.1915564610466
0.6615000000000	-0.1922889813147
0.6620000000000	-0.1930199171952
0.6625000000000	-0.1937492627375
0.6630000000000	-0.1944770120046
0.6635000000000	-0.1952031590733
0.6640000000000	-0.1959276980343
0.6645000000000	-0.1966506229922
0.6650000000000	-0.1973719280658
0.6655000000000	-0.1980916073876
0.6660000000000	-0.1988096551043
0.6665000000000	-0.1995260653767
0.6670000000000	-0.2002408323798
0.6675000000000	-0.2009539503028
0.6680000000000	-0.2016654133489
0.6685000000000	-0.2023752157359
0.6690000000000	-0.2030833516959
0.6695000000000	-0.2037898154750
0.6700000000000	-0.2044946013343
0.6705000000000	-0.2051977035488
0.6710000000000	-0.2058991164083
0.6715000000000	-0.2065988342173
0.6720000000000	-0.2072968512944
0.6725000000000	-0.2079931619733
0.6730000000000	-0.2086877606021
0.6735000000000	-0.2093806415438
0.6740000000000	-0.2100717991760
0.6745000000000	-0.2107612278912
0.6750000000000	-0.2114489220967
0.6755000000000	-0.2121348762148
0.6760000000000	-0.2128190846824
0.6765000000000	-0.2135015419518
0.6770000000000	-0.2141822424900
0.6775000000000	-0.2148611807792
0.6780000000000	-0.2155383513167
0.6785000000000	-0.2162137486148
0.6790000000000	-0.2168873672010
0.6795000000000	-0.2175592016183
0.6800000000000	-0.2182292464244
0.6805000000000	-0.2188974961929
0.6810000000000	-0.2195639455123
0.6815000000000	-0.2202285889867
0.6820000000000	-0.2208914212354
0.6825000000000	-0.2215524368935
0.6830000000000	-0.2222116306112
0.6835000000000	-0.2228689970546
0.6840000000000	-0.2235245309050
0.6845000000000	-0.2241782268595
0.6850000000000	-0.2248300796310
0.6855000000000	-0.2254800839479
0.6860000000000	-0.2261282345542
0.6865000000000	-0.2267745262099
0.6870000000000	-0.2274189536907
0.6875000000000	-0.2280615117882
0.6880000000000	-0.2287021953098
0.6885000000000	-0.2293409990789
0.6890000000000	-0.2299779179346
0.6895000000000	-0.2306129467324
0.6900000000000	-0.2312460803434
0.6905000000000	-0.2318773136551
0.6910000000000	-0.2325066415709
0.6915000000000	-0.2331340590103
0.6920000000000	-0.2337595609093
0.6925000000000	-0.2343831422196
0.6930000000000	-0.2350047979096
0.6935000000000	-0.2356245229636
0.6940000000000	-0.2362423123826
0.6945000000000	-0.2368581611835
0.6950000000000	-0.2374720644001
0.6955000000000	-0.2380840170821
0.6960000000000	-0.2386940142959
0.6965000000000	-0.2393020511246
0.6970000000000	-0.2399081226674
0.6975000000000	-0.2405122240403
0.6980000000000	-0.2411143503758
0.6985000000000	-0.2417144968232
0.6990000000000	-0.2423126585483
0.6995000000000	-0.2429088307335
0.7000000000000	-0.2435030085781
0.7005000000000	-0.2440951872981
0.7010000000000	-0.2446853621263
0.7015000000000	-0.2452735283123
0.7020000000000	-0.2458596811227
0.7025000000000	-0.2464438158406
0.7030000000000	-0.2470259277665
0.7035000000000	-0.2476060122175
0.7040000000000	-0.2481840645279
0.7045000000000	-0.2487600800490
0.7050000000000	-0.2493340541489
0.7055000000000	-0.2499059822131
0.7060000000000	-0.2504758596441
0.7065000000000	-0.2510436818614
0.7070000000000	-0.2516094443020
0.7075000000000	-0.2521731424197
0.7080000000000	-0.2527347716859
0.7085000000000	-0.2532943275890
0.7090000000000	-0.2538518056348
0.7095000000000	-0.2544072013466
0.7100000000000	-0.2549605102647
0.7105000000000	-0.2555117279471
0.7110000000000	-0.2560608499691
0.7115000000000	-0.2566078719234
0.7120000000000	-0.2571527894202
0.7125000000000	-0.2576955980874
0.7130000000000	-0.2582362935700
0.7135000000000	-0.2587748715310
0.7140000000000	-0.2593113276509
0.7145000000000	-0.2598456576275
0.7150000000000	-0.2603778571767
0.7155000000000	-0.2609079220319
0.7160000000000	-0.2614358479440
0.7165000000000	-0.2619616306819
0.7170000000000	-0.2624852660322
0.7175000000000	-0.2630067497993
0.7180000000000	-0.2635260778053
0.7185000000000	-0.2640432458903
0.7190000000000	-0.2645582499121
0.7195000000000	-0.2650710857467
0.7200000000000	-0.2655817492876
0.7205000000000	-0.2660902364467
0.7210000000000	-0.2665965431535
0.7215000000000	-0.2671006653557
0.7220000000000	-0.2676025990190
0.7225000000000	-0.2681023401272
0.7230000000000	-0.2685998846821
0.7235000000000	-0.2690952287037
0.7240000000000	-0.2695883682300
0.7245000000000	-0.2700792993174
0.7250000000000	-0.2705680180401
0.7255000000000	-0.2710545204910
0.7260000000000	-0.2715388027808
0.7265000000000	-0.2720208610386
0.7270000000000	-0.2725006914121
0.7275000000000	-0.2729782900667
0.7280000000000	-0.2734536531867
0.7285000000000	-0.2739267769745
0.7290000000000	-0.2743976576509
0.7295000000000	-0.2748662914550
0.7300000000000	-0.2753326746446
0.7305000000000	-0.2757968034958
0.7310000000000	-0.2762586743031
0.7315000000000	-0.2767182833796
0.7320000000000	-0.2771756270570
0.7325000000000	-0.2776307016853
0.7330000000000	-0.2780835036334
0.7335000000000	-0.2785340292885
0.7340000000000	-0.2789822750565
0.7345000000000	-0.2794282373621
0.7350000000000	-0.2798719126485
0.7355000000000	-0.2803132973775
0.7360000000000	-0.2807523880298
0.7365000000000	-0.2811891811047
0.7370000000000	-0.2816236731204
0.7375000000000	-0.2820558606136
0.7380000000000	-0.2824857401400
0.7385000000000	-0.2829133082742
0.7390000000000	-0.2833385616093
0.7395000000000	-0.2837614967575
0.7400000000000	-0.2841821103498
0.7405000000000	-0.2846003990362
0.7410000000000	-0.2850163594854
0.7415000000000	-0.2854299883853
0.7420000000000	-0.2858412824425
0.7425000000000	-0.2862502383827
0.7430000000000	-0.2866568529507
0.7435000000000	-0.2870611229101
0.7440000000000	-0.2874630450436
0.7445000000000	-0.2878626161532
0.7450000000000	-0.2882598330595
0.7455000000000	-0.2886546926026
0.7460000000000	-0.2890471916416
0.7465000000000	-0.2894373270547
0.7470000000000	-0.2898250957391
0.7475000000000	-0.2902104946114
0.7480000000000	-0.2905935206074
0.7485000000000	-0.2909741706819
0.7490000000000	-0.2913524418091
0.7495000000000	-0.2917283309823
0.7500000000000	-0.2921018352141
0.7505000000000	-0.2924729515366
0.7510000000000	-0.2928416770008
0.7515000000000	-0.2932080086773
0.7520000000000	-0.2935719436559
0.7525000000000	-0.2939334790458
0.7530000000000	-0.2942926119756
0.7535000000000	-0.2946493395932
0.7540000000000	-0.2950036590659
0.7545000000000	-0.2953555675805
0.7550000000000	-0.2957050623431
0.7555000000000	-0.2960521405794
0.7560000000000	-0.2963967995345
0.7565000000000	-0.2967390364728
0.7570000000000	-0.2970788486785
0.7575000000000	-0.2974162334551
0.7580000000000	-0.2977511881257
0.7585000000000	-0.2980837100329
0.7590000000000	-0.2984137965390
0.7595000000000	-0.2987414450257
0.7600000000000	-0.2990666528943
0.7605000000000	-0.2993894175659
0.7610000000000	-0.2997097364809
0.7615000000000	-0.3000276070996
0.7620000000000	-0.3003430269018
0.7625000000000	-0.3006559933871
0.7630000000000	-0.3009665040746
0.7635000000000	-0.3012745565032
0.7640000000000	-0.3015801482316
0.7645000000000	-0.3018832768379
0.7650000000000	-0.3021839399203
0.7655000000000	-0.3024821350964
0.7660000000000	-0.3027778600040
0.7665000000000	-0.3030711123002
0.7670000000000	-0.3033618896622
0.7675000000000	-0.3036501897868
0.7680000000000	-0.3039360103909
0.7685000000000	-0.3042193492108
0.7690000000000	-0.3045002040031
0.7695000000000	-0.3047785725439
0.7700000000000	-0.3050544526293
0.7705000000000	-0.3053278420753
0.7710000000000	-0.3055987387178
0.7715000000000	-0.3058671404124
0.7720000000000	-0.3061330450349
0.7725000000000	-0.3063964504809
0.7730000000000	-0.3066573546659
0.7735000000000	-0.3069157555253
0.7740000000000	-0.3071716510147
0.7745000000000	-0.3074250391094
0.7750000000000	-0.3076759178048
0.7755000000000	-0.3079242851163
0.7760000000000	-0.3081701390793
0.7765000000000	-0.3084134777492
0.7770000000000	-0.3086542992015
0.7775000000000	-0.3088926015316
0.7780000000000	-0.3091283828550
0.7785000000000	-0.3093616413073
0.7790000000000	-0.3095923750442
0.7795000000000	-0.3098205822414
0.7800000000000	-0.3100462610947
0.7805000000000	-0.3102694098200
0.7810000000000	-0.3104900266534
0.7815000000000	-0.3107081098509
0.7820000000000	-0.3109236576889
0.7825000000000	-0.3111366684638
0.7830000000000	-0.3113471404920
0.7835000000000	-0.3115550721105
0.7840000000000	-0.3117604616759
0.7845000000000	-0.3119633075654
0.7850000000000	-0.3121636081762
0.7855000000000	-0.3123613619257
0.7860000000000	-0.3125565672516
0.7865000000000	-0.3127492226117
0.7870000000000	-0.3129393264840
0.7875000000000	-0.3131268773669
0.7880000000000	-0.3133118737788
0.7885000000000	-0.3134943142586
0.7890000000000	-0.3136741973652
0.7895000000000	-0.3138515216778
0.7900000000000	-0.3140262857962
0.7905000000000	-0.3141984883399
0.7910000000000	-0.3143681279492
0.7915000000000	-0.3145352032845
0.7920000000000	-0.3146997130263
0.7925000000000	-0.3148616558756
0.7930000000000	-0.3150210305539
0.7935000000000	-0.3151778358026
0.7940000000000	-0.3153320703837
0.7945000000000	-0.3154837330794
0.7950000000000	-0.3156328226924
0.7955000000000	-0.3157793380456
0.7960000000000	-0.3159232779822
0.7965000000000	-0.3160646413660
0.7970000000000	-0.3162034270809
0.7975000000000	-0.3163396340314
0.7980000000000	-0.3164732611421
0.7985000000000	-0.3166043073582
0.7990000000000	-0.3167327716452
0.7995000000000	-0.3168586529890
0.8000000000000	-0.3169819503960
0.8005000000000	-0.3171026628928
0.8010000000000	-0.3172207895265
0.8015000000000	-0.3173363293647
0.8020000000000	-0.3174492814953
0.8025000000000	-0.3175596450267
0.8030000000000	-0.3176674190877
0.8035000000000	-0.3177726028275
0.8040000000000	-0.3178751954157
0.8045000000000	-0.3179751960425
0.8050000000000	-0.3180726039184
0.8055000000000	-0.3181674182745
0.8060000000000	-0.3182596383620
0.8065000000000	-0.3183492634531
0.8070000000000	-0.3184362928399
0.8075000000000	-0.3185207258355
0.8080000000000	-0.3186025617729
0.8085000000000	-0.3186818000062
0.8090000000000	-0.3187584399094
0.8095000000000	-0.3188324808773
0.8100000000000	-0.3189039223251
0.8105000000000	-0.3189727636886
0.8110000000000	-0.3190390044238
0.8115000000000	-0.3191026440076
0.8120000000000	-0.3191636819370
0.8125000000000	-0.3192221177297
0.8130000000000	-0.3192779509238
0.8135000000000	-0.3193311810781
0.8140000000000	-0.3193818077718
0.8145000000000	-0.3194298306044
0.8150000000000	-0.3194752491962
0.8155000000000	-0.3195180631879
0.8160000000000	-0.3195582722406
0.8165000000000	-0.3195958760362
0.8170000000000	-0.3196308742768
0.8175000000000	-0.3196632666852
0.8180000000000	-0.3196930530047
0.8185000000000	-0.3197202329990
0.8190000000000	-0.3197448064526
0.8195000000000	-0.3197667731701
0.8200000000000	-0.3197861329771
0.8205000000000	-0.3198028857193
0.8210000000000	-0.3198170312633
0.8215000000000	-0.3198285694958
0.8220000000000	-0.3198375003245
0.8225000000000	-0.3198438236772
0.8230000000000	-0.3198475395026
0.8235000000000	-0.3198486477697
0.8240000000000	-0.3198471484680
0.8245000000000	-0.3198430416076
0.8250000000000	-0.3198363272192
0.8255000000000	-0.3198270053540
0.8260000000000	-0.3198150760836
0.8265000000000	-0.3198005395003
0.8270000000000	-0.3197833957168
0.8275000000000	-0.3197636448664
0.8280000000000	-0.3197412871028
0.8285000000000	-0.3197163226005
0.8290000000000	-0.3196887515541
0.8295000000000	-0.3196585741793
0.8300000000000	-0.3196257907117
0.8305000000000	-0.3195904014078
0.8310000000000	-0.3195524065446
0.8315000000000	-0.3195118064195
0.8320000000000	-0.3194686013504
0.8325000000000	-0.3194227916759
0.8330000000000	-0.3193743777550
0.8335000000000	-0.3193233599671
0.8340000000000	-0.3192697387122
0.8345000000000	-0.3192135144109
0.8350000000000	-0.3191546875043
0.8355000000000	-0.3190932584537
0.8360000000000	-0.3190292277414
0.8365000000000	-0.3189625958697
0.8370000000000	-0.3188933633617
0.8375000000000	-0.3188215307609
0.8380000000000	-0.3187470986313
0.8385000000000	-0.3186700675575
0.8390000000000	-0.3185904381443
0.8395000000000	-0.3185082110173
0.8400000000000	-0.3184233868222
0.8405000000000	-0.3183359662257
0.8410000000000	-0.3182459499144
0.8415000000000	-0.3181533385958
0.8420000000000	-0.3180581329977
0.8425000000000	-0.3179603338682
0.8430000000000	-0.3178599419762
0.8435000000000	-0.3177569581107
0.8440000000000	-0.3176513830814
0.8445000000000	-0.3175432177184
0.8450000000000	-0.3174324628720
0.8455000000000	-0.3173191194133
0.8460000000000	-0.3172031882336
0.8465000000000	-0.3170846702446
0.8470000000000	-0.3169635663785
0.8475000000000	-0.3168398775879
0.8480000000000	-0.3167136048460
0.8485000000000	-0.3165847491459
0.8490000000000	-0.3164533115017
0.8495000000000	-0.3163192929474
0.8500000000000	-0.3161826945377
0.8505000000000	-0.3160435173475
0.8510000000000	-0.3159017624722
0.8515000000000	-0.3157574310275
0.8520000000000	-0.3156105241495
0.8525000000000	-0.3154610429946
0.8530000000000	-0.3153089887397
0.8535000000000	-0.3151543625818
0.8540000000000	-0.3149971657385
0.8545000000000	-0.3148373994474
0.8550000000000	-0.3146750649669
0.8555000000000	-0.3145101635753
0.8560000000000	-0.3143426965714
0.8565000000000	-0.3141726652742
0.8570000000000	-0.3140000710232
0.8575000000000	-0.3138249151780
0.8580000000000	-0.3136471991184
0.8585000000000	-0.3134669242449
0.8590000000000	-0.3132840919777
0.8595000000000	-0.3130987037577
0.8600000000000	-0.3129107610459
0.8605000000000	-0.3127202653235
0.8610000000000	-0.3125272180920
0.8615000000000	-0.3123316208731
0.8620000000000	-0.3121334752087
0.8625000000000	-0.3119327826609
0.8630000000000	-0.3117295448122
0.8635000000000	-0.3115237632650
0.8640000000000	-0.3113154396420
0.8645000000000	-0.3111045755862
0.8650000000000	-0.3108911727606
0.8655000000000	-0.3106752328485
0.8660000000000	-0.3104567575532
0.8665000000000	-0.3102357485983
0.8670000000000	-0.3100122077273
0.8675000000000	-0.3097861367041
0.8680000000000	-0.3095575373125
0.8685000000000	-0.3093264113566
0.8690000000000	-0.3090927606603
0.8695000000000	-0.3088565870679
0.8700000000000	-0.3086178924435
0.8705000000000	-0.3083766786715
0.8710000000000	-0.3081329476562
0.8715000000000	-0.3078867013219
0.8720000000000	-0.3076379416131
0.8725000000000	-0.3073866704942
0.8730000000000	-0.3071328899497
0.8735000000000	-0.3068766019839
0.8740000000000	-0.3066178086212
0.8745000000000	-0.3063565119062
0.8750000000000	-0.3060927139030
0.8755000000000	-0.3058264166961
0.8760000000000	-0.3055576223896
0.8765000000000	-0.3052863331077
0.8770000000000	-0.3050125509946
0.8775000000000	-0.3047362782141
0.8780000000000	-0.3044575169503
0.8785000000000	-0.3041762694068
0.8790000000000	-0.3038925378072
0.8795000000000	-0.3036063243951
0.8800000000000	-0.3033176314338
0.8805000000000	-0.3030264612064
0.8810000000000	-0.3027328160159
0.8815000000000	-0.3024366981851
0.8820000000000	-0.3021381100565
0.8825000000000	-0.3018370539925
0.8830000000000	-0.3015335323751
0.8835000000000	-0.3012275476062
0.8840000000000	-0.3009191021074
0.8845000000000	-0.3006081983201
0.8850000000000	-0.3002948387051
0.8855000000000	-0.2999790257433
0.8860000000000	-0.2996607619350
0.8865000000000	-0.2993400498002
0.8870000000000	-0.2990168918787
0.8875000000000	-0.2986912907298
0.8880000000000	-0.2983632489325
0.8885000000000	-0.2980327690853
0.8890000000000	-0.2976998538065
0.8895000000000	-0.2973645057336
0.8900000000000	-0.2970267275241
0.8905000000000	-0.2966865218547
0.8910000000000	-0.2963438914219
0.8915000000000	-0.2959988389415
0.8920000000000	-0.2956513671489
0.8925000000000	-0.2953014787989
0.8930000000000	-0.2949491766660
0.8935000000000	-0.2945944635439
0.8940000000000	-0.2942373422458
0.8945000000000	-0.2938778156043
0.8950000000000	-0.2935158864715
0.8955000000000	-0.2931515577189
0.8960000000000	-0.2927848322371
0.8965000000000	-0.2924157129363
0.8970000000000	-0.2920442027461
0.8975000000000	-0.2916703046151
0.8980000000000	-0.2912940215115
0.8985000000000	-0.2909153564227
0.8990000000000	-0.2905343123552
0.8995000000000	-0.2901508923349
0.9000000000000	-0.2897650994070
0.9005000000000	-0.2893769366358
0.9010000000000	-0.2889864071047
0.9015000000000	-0.2885935139164
0.9020000000000	-0.2881982601927
0.9025000000000	-0.2878006490747
0.9030000000000	-0.2874006837224
0.9035000000000	-0.2869983673149
0.9040000000000	-0.2865937030505
0.9045000000000	-0.2861866941465
0.9050000000000	-0.2857773438394
0.9055000000000	-0.2853656553843
0.9060000000000	-0.2849516320558
0.9065000000000	-0.2845352771471
0.9070000000000	-0.2841165939706
0.9075000000000	-0.2836955858575
0.9080000000000	-0.2832722561580
0.9085000000000	-0.2828466082411
0.9090000000000	-0.2824186454948
0.9095000000000	-0.2819883713259
0.9100000000000	-0.2815557891601
0.9105000000000	-0.2811209024418
0.9110000000000	-0.2806837146342
0.9115000000000	-0.2802442292194
0.9120000000000	-0.2798024496982
0.9125000000000	-0.2793583795900
0.9130000000000	-0.2789120224331
0.9135000000000	-0.2784633817843
0.9140000000000	-0.2780124612193
0.9145000000000	-0.2775592643323
0.9150000000000	-0.2771037947361
0.9155000000000	-0.2766460560621
0.9160000000000	-0.2761860519603
0.9165000000000	-0.2757237860992
0.9170000000000	-0.2752592621661
0.9175000000000	-0.2747924838664
0.9180000000000	-0.2743234549242
0.9185000000000	-0.2738521790820
0.9190000000000	-0.2733786601009
0.9195000000000	-0.2729029017602
0.9200000000000	-0.2724249078576
0.9205000000000	-0.2719446822094
0.9210000000000	-0.2714622286499
0.9215000000000	-0.2709775510320
0.9220000000000	-0.2704906532267
0.9225000000000	-0.2700015391234
0.9230000000000	-0.2695102126296
0.9235000000000	-0.2690166776713
0.9240000000000	-0.2685209381923
0.9245000000000	-0.2680229981549
0.9250000000000	-0.2675228615393
0.9255000000000	-0.2670205323439
0.9260000000000	-0.2665160145853
0.9265000000000	-0.2660093122980
0.9270000000000	-0.2655004295347
0.9275000000000	-0.2649893703660
0.9280000000000	-0.2644761388804
0.9285000000000	-0.2639607391845
0.9290000000000	-0.2634431754028
0.9295000000000	-0.2629234516778
0.9300000000000	-0.2624015721697
0.9305000000000	-0.2618775410566
0.9310000000000	-0.2613513625345
0.9315000000000	-0.2608230408171
0.9320000000000	-0.2602925801360
0.9325000000000	-0.2597599847404
0.9330000000000	-0.2592252588973
0.9335000000000	-0.2586884068913
0.9340000000000	-0.2581494330248
0.9345000000000	-0.2576083416176
0.9350000000000	-0.2570651370073
0.9355000000000	-0.2565198235491
0.9360000000000	-0.2559724056156
0.9365000000000	-0.2554228875969
0.9370000000000	-0.2548712739006
0.9375000000000	-0.2543175689520
0.9380000000000	-0.2537617771934
0.9385000000000	-0.2532039030849
0.9390000000000	-0.2526439511037
0.9395000000000	-0.2520819257444
0.9400000000000	-0.2515178315189
0.9405000000000	-0.2509516729564
0.9410000000000	-0.2503834546034
0.9415000000000	-0.2498131810235
0.9420000000000	-0.2492408567976
0.9425000000000	-0.2486664865235
0.9430000000000	-0.2480900748165
0.9435000000000	-0.2475116263087
0.9440000000000	-0.2469311456493
0.9445000000000	-0.2463486375046
0.9450000000000	-0.2457641065578
0.9455000000000	-0.2451775575093
0.9460000000000	-0.2445889950760
0.9465000000000	-0.2439984239922
0.9470000000000	-0.2434058490086
0.9475000000000	-0.2428112748930
0.9480000000000	-0.2422147064300
0.9485000000000	-0.2416161484208
0.9490000000000	-0.2410156056835
0.9495000000000	-0.2404130830527
0.9500000000000	-0.2398085853800
0.9505000000000	-0.2392021175332
0.9510000000000	-0.2385936843971
0.9515000000000	-0.2379832908728
0.9520000000000	-0.2373709418780
0.9525000000000	-0.2367566423469
0.9530000000000	-0.2361403972301
0.9535000000000	-0.2355222114948
0.9540000000000	-0.2349020901245
0.9545000000000	-0.2342800381189
0.9550000000000	-0.2336560604941
0.9555000000000	-0.2330301622828
0.9560000000000	-0.2324023485334
0.9565000000000	-0.2317726243109
0.9570000000000	-0.2311409946964
0.9574999999999	-0.2305074647870
0.9579999999999	-0.2298720396962
0.9584999999999	-0.2292347245532
0.9589999999999	-0.2285955245034
0.9594999999999	-0.2279544447083
0.9599999999999	-0.2273114903452
0.9604999999999	-0.2266666666075
0.9609999999999	-0.2260199787041
0.9614999999999	-0.2253714318603
0.9619999999999	-0.2247210313167
0.9624999999999	-0.2240687823300
0.9629999999999	-0.2234146901724
0.9634999999999	-0.2227587601320
0.9639999999999	-0.2221009975124
0.9644999999999	-0.2214414076329
0.9649999999999	-0.2207799958284
0.9654999999999	-0.2201167674492
0.9659999999999	-0.2194517278613
0.9664999999999	-0.2187848824459
0.9669999999999	-0.2181162365999
0.9674999999999	-0.2174457957354
0.9679999999999	-0.2167735652799
0.9684999999999	-0.2160995506762
0.9689999999999	-0.2154237573824
0.9694999999999	-0.2147461908717
0.9699999999999	-0.2140668566326
0.9704999999999	-0.2133857601687
0.9709999999999	-0.2127029069987
0.9714999999999	-0.2120183026563
0.9719999999999	-0.2113319526903
0.9724999999999	-0.2106438626646
0.9729999999999	-0.2099540381576
0.9734999999999	-0.2092624847632
0.9739999999999	-0.2085692080896
0.9744999999999	-0.2078742137601
0.9749999999999	-0.2071775074127
0.9754999999999	-0.2064790947001
0.9759999999999	-0.2057789812898
0.9764999999999	-0.2050771728638
0.9769999999999	-0.2043736751188
0.9774999999999	-0.2036684937659
0.9779999999999	-0.2029616345309
0.9784999999999	-0.2022531031539
0.9789999999999	-0.2015429053896
0.9794999999999	-0.2008310470069
0.9799999999999	-0.2001175337892
0.9804999999999	-0.1994023715340
0.9809999999999	-0.1986855660533
0.9814999999999	-0.1979671231731
0.9819999999999	-0.1972470487335
0.9824999999999	-0.1965253485890
0.9829999999999	-0.1958020286080
0.9834999999999	-0.1950770946728
0.9839999999999	-0.1943505526799
0.9844999999999	-0.1936224085396
0.9849999999999	-0.1928926681762
0.9854999999999	-0.1921613375277
0.9859999999999	-0.1914284225460
0.9864999999999	-0.1906939291967
0.9869999999999	-0.1899578634591
0.9874999999999	-0.1892202313262
0.9879999999999	-0.1884810388046
0.9884999999999	-0.1877402919145
0.9889999999999	-0.1869979966894
0.9894999999999	-0.1862541591767
0.9899999999999	-0.1855087854367
0.9904999999999	-0.1847618815435
0.9909999999999	-0.1840134535843
0.9914999999999	-0.1832635076597
0.9919999999999	-0.1825120498834
0.9924999999999	-0.1817590863825
0.9929999999999	-0.1810046232969
0.9934999999999	-0.1802486667799
0.9939999999999	-0.1794912229978
0.9944999999999	-0.1787322981296
0.9949999999999	-0.1779718983676
0.9954999999999	-0.1772100299169
0.9959999999999	-0.1764466989952
0.9964999999999	-0.1756819118333
0.9969999999999	-0.1749156746746
0.9974999999999	-0.1741479937753
0.9979999999999	-0.1733788754040
0.9984999999999	-0.1726083258422
0.9989999999999	-0.1718363513837
0.9994999999999	-0.1710629583349
0.9999999999999	-0.1702881530147
1.0004999999999	-0.1695119417542
1.0009999999999	-0.1687343308971
1.0014999999999	-0.1679553267992
1.0019999999999	-0.1671749358285
1.0024999999999	-0.1663931643654
1.0029999999999	-0.1656100188023
1.0034999999999	-0.1648255055437
1.0039999999999	-0.1640396310060
1.0044999999999	-0.1632524016179
1.0049999999999	-0.1624638238197
1.0054999999999	-0.1616739040638
1.0059999999999	-0.1608826488143
1.0064999999999	-0.1600900645470
1.0069999999999	-0.1592961577497
1.0074999999999	-0.1585009349215
1.0079999999999	-0.1577044025734
1.0084999999999	-0.1569065672279
1.0089999999999	-0.1561074354189
1.0094999999999	-0.1553070136917
1.0099999999999	-0.1545053086033
1.0104999999999	-0.1537023267217
1.0109999999999	-0.1528980746264
1.0114999999999	-0.1520925589081
1.0119999999999	-0.1512857861686
1.0124999999999	-0.1504777630208
1.0129999999999	-0.1496684960889
1.0134999999999	-0.1488579920078
1.0139999999999	-0.1480462574236
1.0144999999999	-0.1472332989933
1.0149999999999	-0.1464191233846
1.0154999999999	-0.1456037372761
1.0159999999999	-0.1447871473570
1.0164999999999	-0.1439693603275
1.0169999999999	-0.1431503828980
1.0174999999999	-0.1423302217899
1.0179999999999	-0.1415088837348
1.0184999999999	-0.1406863754748
1.0189999999999	-0.1398627037627
1.0194999999999	-0.1390378753612
1.0199999999999	-0.1382118970435
1.0204999999999	-0.1373847755932
1.0209999999999	-0.1365565178039
1.0214999999999	-0.1357271304792
1.0219999999999	-0.1348966204330
1.0224999999999	-0.1340649944890
1.0229999999999	-0.1332322594810
1.0234999999999	-0.1323984222526
1.0239999999999	-0.1315634896574
1.0244999999999	-0.1307274685584
1.0249999999999	-0.1298903658287
1.0254999999999	-0.1290521883508
1.0259999999999	-0.1282129430170
1.0264999999999	-0.1273726367290
1.0269999999999	-0.1265312763980
1.0274999999999	-0.1256888689446
1.0279999999999	-0.1248454212988
1.0284999999999	-0.1240009403999
1.0289999999999	-0.1231554331965
1.0294999999999	-0.1223089066463
1.0299999999999	-0.1214613677160
1.0304999999999	-0.1206128233817
1.0309999999999	-0.1197632806283
1.0314999999999	-0.1189127464495
1.0319999999999	-0.1180612278482
1.0324999999999	-0.1172087318359
1.0329999999999	-0.1163552654329
1.0334999999999	-0.1155008356682
1.0339999999999	-0.1146454495797
1.0344999999999	-0.1137891142134
1.0349999999999	-0.1129318366241
1.0354999999999	-0.1120736238752
1.0359999999999	-0.1112144830383
1.0364999999999	-0.1103544211932
1.0369999999999	-0.1094934454283
1.0374999999999	-0.1086315628400
1.0379999999999	-0.1077687805330
1.0384999999999	-0.1069051056199
1.0389999999999	-0.1060405452215
1.0394999999999	-0.1051751064666
1.0399999999999	-0.1043087964916
1.0404999999999	-0.1034416224410
1.0409999999999	-0.1025735914672
1.0414999999999	-0.1017047107300
1.0419999999999	-0.1008349873970
1.0424999999999	-0.0999644286435
1.0429999999999	-0.0990930416522
1.0434999999999	-0.0982208336133
1.0439999999999	-0.0973478117243
1.0444999999999	-0.0964739831903
1.0449999999999	-0.0955993552234
1.0454999999999	-0.0947239350431
1.0459999999999	-0.0938477298760
1.0464999999999	-0.0929707469558
1.0469999999999	-0.0920929935231
1.0474999999999	-0.0912144768256
1.0479999999999	-0.0903352041179
1.0484999999999	-0.0894551826614
1.0489999999999	-0.0885744197242
1.0494999999999	-0.0876929225812
1.0499999999999	-0.0868106985138
1.0504999999999	-0.0859277548103
1.0509999999999	-0.0850440987651
1.0514999999999	-0.0841597376793
1.0519999999999	-0.0832746788603
1.0524999999999	-0.0823889296218
1.0529999999999	-0.0815024972839
1.0534999999999	-0.0806153891727
1.0539999999999	-0.0797276126205
1.0544999999999	-0.0788391749657
1.0549999999999	-0.0779500835525
1.0554999999999	-0.0770603457314
1.0559999999999	-0.0761699688583
1.0564999999999	-0.0752789602952
1.0569999999999	-0.0743873274099
1.0574999999999	-0.0734950775755
1.0579999999999	-0.0726022181710
1.0584999999999	-0.0717087565810
1.0589999999999	-0.0708147001952
1.0594999999999	-0.0699200564090
1.0599999999999	-0.0690248326231
1.0604999999999	-0.0681290362433
1.0609999999999	-0.0672326746808
1.0614999999999	-0.0663357553519
1.0619999999999	-0.0654382856779
1.0624999999999	-0.0645402730850
1.0629999999999	-0.0636417250046
1.0634999999999	-0.0627426488728
1.0639999999999	-0.0618430521305
1.0644999999999	-0.0609429422234
1.0649999999999	-0.0600423266018
1.0654999999999	-0.0591412127207
1.0659999999999	-0.0582396080395
1.0664999999999	-0.0573375200222
1.0669999999999	-0.0564349561371
1.0674999999999	-0.0555319238568
1.0679999999999	-0.0546284306584
1.0684999999999	-0.0537244840229
1.0689999999999	-0.0528200914356
1.0694999999999	-0.0519152603858
1.0699999999999	-0.0510099983669
1.0704999999999	-0.0501043128761
1.0709999999999	-0.0491982114145
1.0714999999999	-0.0482917014870
1.0719999999999	-0.0473847906022
1.0724999999999	-0.0464774862724
1.0729999999999	-0.0455697960135
1.0734999999999	-0.0446617273449
1.0739999999999	-0.0437532877894
1.0744999999999	-0.0428444848732
1.0749999999999	-0.0419353261258
1.0754999999999	-0.0410258190801
1.0759999999999	-0.0401159712721
1.0764999999999	-0.0392057902407
1.0769999999999	-0.0382952835281
1.0774999999999	-0.0373844586795
1.0779999999999	-0.0364733232427
1.0784999999999	-0.0355618847687
1.0789999999999	-0.0346501508111
1.0794999999999	-0.0337381289260
1.0799999999999	-0.0328258266726
1.0804999999999	-0.0319132516122
1.0809999999999	-0.0310004113089
1.0814999999999	-0.0300873133291
1.0819999999999	-0.0291739652415
1.0824999999999	-0.0282603746172
1.0829999999999	-0.0273465490295
1.0834999999999	-0.0264324960539
1.0839999999999	-0.0255182232677
1.0844999999999	-0.0246037382505
1.0849999999999	-0.0236890485839
1.0854999999999	-0.0227741618510
1.0859999999999	-0.0218590856371
1.0864999999999	-0.0209438275290
1.0869999999999	-0.0200283951153
1.0874999999999	-0.0191127959861
1.0879999999999	-0.0181970377330
1.0884999999999	-0.0172811279492
1.0889999999999	-0.0163650742291
1.0894999999999	-0.0154488841686
1.0899999999999	-0.0145325653648
1.0904999999999	-0.0136161254160
1.0909999999999	-0.0126995719214
1.0914999999999	-0.0117829124815
1.0919999999999	-0.0108661546977
1.0924999999999	-0.0099493061723
1.0929999999999	-0.0090323745084
1.0934999999999	-0.0081153673099
1.0939999999999	-0.0071982921813
1.0944999999999	-0.0062811567279
1.0949999999999	-0.0053639685554
1.0954999999999	-0.0044467352701
1.0959999999999	-0.0035294644786
1.0964999999999	-0.0026121637880
1.0969999999999	-0.0016948408055
1.0974999999999	-0.0007775031387
1.0979999999999	0.0001398416049
1.0984999999999	0.0010571858174
1.0989999999999	0.0019745218913
1.0994999999999	0.0028918422188
1.0999999999999	0.0038091391924
1.1004999999999	0.0047264052049
1.1009999999999	0.0056436326493
1.1014999999999	0.0065608139188
1.1019999999999	0.0074779414072
1.1024999999999	0.0083950075088
1.1029999999999	0.0093120046183
1.1034999999999	0.0102289251311
1.1039999999999	0.0111457614435
1.1044999999999	0.0120625059521
1.1049999999999	0.0129791510548
1.1054999999999	0.0138956891501
1.1059999999999	0.0148121126377
1.1064999999999	0.0157284139180
1.1069999999999	0.0166445853930
1.1074999999999	0.0175606194654
1.1079999999999	0.0184765085395
1.1084999999999	0.0193922450207
1.1089999999999	0.0203078213160
1.1094999999999	0.0212232298335
1.1099999999999	0.0221384629832
1.1104999999999	0.0230535131765
1.1109999999999	0.0239683728266
1.1114999999999	0.0248830343482
1.1119999999999	0.0257974901581
1.1124999999999	0.0267117326747
1.1129999999999	0.0276257543185
1.1134999999999	0.0285395475120
1.1139999999999	0.0294531046798
1.1144999999999	0.0303664182485
1.1149999999999	0.0312794806471
1.1154999999999	0.0321922843067
1.1159999999999	0.0331048216610
1.1164999999999	0.0340170851459
1.1169999999999	0.0349290671998
1.1174999999999	0.0358407602640
1.1179999999999	0.0367521567819
1.1184999999999	0.0376632492000
1.1189999999999	0.0385740299674
1.1194999999999	0.0394844915361
1.1199999999999	0.0403946263609
1.1204999999999	0.0413044268998
1.1209999999999	0.0422138856135
1.1214999999999	0.0431229949662
1.1219999999999	0.0440317474250
1.1224999999999	0.0449401354602
1.1229999999999	0.0458481515458
1.1234999999999	0.0467557881587
1.1239999999999	0.0476630377795
1.1244999999999	0.0485698928924
1.1249999999999	0.0494763459851
1.1254999999999	0.0503823895489
1.1259999999999	0.0512880160787
1.1264999999999	0.0521932180736
1.1269999999999	0.0530979880362
1.1274999999999	0.0540023184732
1.1279999999999	0.0549062018951
1.1284999999999	0.0558096308167
1.1289999999999	0.0567125977568
1.1294999999999	0.0576150952385
1.1299999999999	0.0585171157890
1.1304999999999	0.0594186519399
1.1309999999999	0.0603196962272
1.1314999999999	0.0612202411916
1.1319999999999	0.0621202793778
1.1324999999999	0.0630198033357
1.1329999999999	0.0639188056194
1.1334999999999	0.0648172787881
1.1339999999999	0.0657152154054
1.1344999999999	0.0666126080401
1.1349999999999	0.0675094492659
1.1354999999999	0.0684057316614
1.1359999999999	0.0693014478102
1.1364999999999	0.0701965903012
1.1369999999999	0.0710911517284
1.1374999999999	0.0719851246911
1.1379999999999	0.0728785017940
1.1384999999999	0.0737712756470
1.1389999999999	0.0746634388658
1.1394999999999	0.0755549840712
1.1399999999999	0.0764459038900
1.1404999999999	0.0773361909545
1.1409999999999	0.0782258379026
1.1414999999999	0.0791148373781
1.1419999999999	0.0800031820308
1.1424999999999	0.0808908645162
1.1429999999999	0.0817778774960
1.1434999999999	0.0826642136377
1.1439999999999	0.0835498656152
1.1444999999999	0.0844348261084
1.1449999999999	0.0853190878036
1.1454999999999	0.0862026433931
1.1459999999999	0.0870854855760
1.1464999999999	0.0879676070577
1.1469999999999	0.0888490005499
1.1474999999999	0.0897296587710
1.1479999999999	0.0906095744463
1.1484999999999	0.0914887403074
1.1489999999999	0.0923671490930
1.1494999999999	0.0932447935483
1.1499999999999	0.0941216664257
1.1504999999999	0.0949977604845
1.1509999999999	0.0958730684908
1.1514999999999	0.0967475832180
1.1519999999999	0.0976212974466
1.1524999999999	0.0984942039644
1.1529999999999	0.0993662955663
1.1534999999999	0.1002375650546
1.1539999999999	0.1011080052392
1.1544999999999	0.1019776089372
1.1549999999999	0.1028463689733
1.1554999999999	0.1037142781799
1.1559999999999	0.1045813293969
1.1564999999999	0.1054475154721
1.1569999999999	0.1063128292610
1.1574999999999	0.1071772636268
1.1579999999999	0.1080408114407
1.1584999999999	0.1089034655821
1.1589999999999	0.1097652189381
1.1594999999999	0.1106260644041
1.1599999999999	0.1114859948834
1.1604999999999	0.1123450032879
1.1609999999999	0.1132030825374
1.1614999999999	0.1140602255602
1.1619999999999	0.1149164252931
1.1624999999999	0.1157716746812
1.1629999999999	0.1166259666783
1.1634999999999	0.1174792942464
1.1639999999999	0.1183316503566
1.1644999999999	0.1191830279885
1.1649999999999	0.1200334201303
1.1654999999999	0.1208828197794
1.1659999999999	0.1217312199418
1.1664999999999	0.1225786136325
1.1669999999999	0.1234249938755
1.1674999999999	0.1242703537039
1.1679999999999	0.1251146861600
1.1684999999999	0.1259579842951
1.1689999999999	0.1268002411698
1.1694999999999	0.1276414498542
1.1699999999999	0.1284816034275
1.1704999999999	0.1293206949784
1.1709999999999	0.1301587176051
1.1714999999999	0.1309956644154
1.1719999999999	0.1318315285266
1.1724999999999	0.1326663030657
1.1729999999999	0.1334999811694
1.1734999999999	0.1343325559842
1.1739999999999	0.1351640206663
1.1744999999999	0.1359943683820
1.1749999999999	0.1368235923074
1.1754999999999	0.1376516856287
1.1759999999999	0.1384786415420
1.1764999999999	0.1393044532537
1.1769999999999	0.1401291139803
1.1774999999999	0.1409526169484
1.1779999999999	0.1417749553952
1.1784999999999	0.1425961225679
1.1789999999999	0.1434161117244
1.1794999999999	0.1442349161328
1.1799999999999	0.1450525290720
1.1804999999999	0.1458689438311
1.1809999999999	0.1466841537103
1.1814999999999	0.1474981520200
1.1819999999999	0.1483109320816
1.1824999999999	0.1491224872274
1.1829999999999	0.1499328108003
1.1834999999999	0.1507418961542
1.1839999999999	0.1515497366541
1.1844999999999	0.1523563256757
1.1849999999999	0.1531616566061
1.1854999999999	0.1539657228434
1.1859999999999	0.1547685177968
1.1864999999999	0.1555700348868
1.1869999999999	0.1563702675453
1.1874999999999	0.1571692092153
1.1879999999999	0.1579668533515
1.1884999999999	0.1587631934197
1.1889999999999	0.1595582228975
1.1894999999999	0.1603519352739
1.1899999999999	0.1611443240496
1.1904999999999	0.1619353827369
1.1909999999999	0.1627251048599
1.1914999999999	0.1635134839543
1.1919999999999	0.1643005135679
1.1924999999999	0.1650861872600
1.1929999999999	0.1658704986021
1.1934999999999	0.1666534411778
1.1939999999999	0.1674350085823
1.1944999999999	0.1682151944233
1.1949999999999	0.1689939923204
1.1954999999999	0.1697713959054
1.1959999999999	0.1705473988226
1.1964999999999	0.1713219947282
1.1969999999999	0.1720951772909
1.1974999999999	0.1728669401920
1.1979999999999	0.1736372771249
1.1984999999999	0.1744061817958
1.1989999999999	0.1751736479231
1.1994999999999	0.1759396692382
1.1999999999999	0.1767042394848
1.2004999999999	0.1774673524195
1.2009999999999	0.1782290018116
1.2014999999999	0.1789891814431
1.2019999999999	0.1797478851089
1.2024999999999	0.1805051066169
1.2029999999999	0.1812608397878
1.2034999999999	0.1820150784553
1.2039999999999	0.1827678164662
1.2044999999999	0.1835190476804
1.2049999999999	0.1842687659709
1.2054999999999	0.1850169652238
1.2059999999999	0.1857636393386
1.2064999999999	0.1865087822280
1.2069999999999	0.1872523878179
1.2074999999999	0.1879944500479
1.2079999999999	0.1887349628708
1.2084999999999	0.1894739202527
1.2089999999999	0.1902113161737
1.2094999999999	0.1909471446269
1.2099999999999	0.1916813996195
1.2104999999999	0.1924140751721
1.2109999999999	0.1931451653190
1.2114999999999	0.1938746641083
1.2119999999999	0.1946025656020
1.2124999999999	0.1953288638758
1.2129999999999	0.1960535530193
1.2134999999999	0.1967766271361
1.2139999999999	0.1974980803438
1.2144999999999	0.1982179067739
1.2149999999999	0.1989361005721
1.2154999999999	0.1996526558981
1.2159999999999	0.2003675669259
1.2164999999999	0.2010808278436
1.2169999999999	0.2017924328536
1.2174999999999	0.2025023761724
1.2179999999999	0.2032106520313
1.2184999999999	0.2039172546754
1.2189999999999	0.2046221783647
1.2194999999999	0.2053254173733
1.2199999999999	0.2060269659902
1.2204999999999	0.2067268185187
1.2209999999999	0.2074249692766
1.2214999999999	0.2081214125967
1.2219999999999	0.2088161428260
1.2224999999999	0.2095091543267
1.2229999999999	0.2102004414756
1.2234999999999	0.2108899986641
1.2239999999999	0.2115778202987
1.2244999999999	0.2122639008007
1.2249999999999	0.2129482346064
1.2254999999999	0.2136308161671
1.2259999999999	0.2143116399489
1.2264999999999	0.2149907004332
1.2269999999999	0.2156679921163
1.2274999999999	0.2163435095100
1.2279999999999	0.2170172471408
1.2284999999999	0.2176891995507
1.2289999999999	0.2183593612970
1.2294999999999	0.2190277269523
1.2299999999999	0.2196942911042
1.2304999999999	0.2203590483562
1.2309999999999	0.2210219933269
1.2314999999999	0.2216831206504
1.2319999999999	0.2223424249763
1.2324999999999	0.2229999009699
1.2329999999999	0.2236555433119
1.2334999999999	0.2243093466987
1.2339999999999	0.2249613058422
1.2344999999999	0.2256114154703
1.2349999999999	0.2262596703263
1.2354999999999	0.2269060651695
1.2359999999999	0.2275505947750
1.2364999999999	0.2281932539336
1.2369999999999	0.2288340374521
1.2374999999999	0.2294729401532
1.2379999999999	0.2301099568755
1.2384999999999	0.2307450824737
1.2389999999999	0.2313783118184
1.2394999999999	0.2320096397964
1.2399999999999	0.2326390613105
1.2404999999999	0.2332665712798
1.2409999999999	0.2338921646393
1.2414999999999	0.2345158363406
1.2419999999999	0.2351375813511
1.2424999999999	0.2357573946549
1.2429999999999	0.2363752712521
1.2434999999999	0.2369912061594
1.2439999999999	0.2376051944098
1.2444999999999	0.2382172310526
1.2449999999999	0.2388273111537
1.2454999999999	0.2394354297956
1.2459999999999	0.2400415820770
1.2464999999999	0.2406457631135
1.2469999999999	0.2412479680372
1.2474999999999	0.2418481919966
1.2479999999999	0.2424464301573
1.2484999999999	0.2430426777012
1.2489999999999	0.2436369298271
1.2494999999999	0.2442291817506
1.2499999999999	0.2448194287040
1.2504999999999	0.2454076659366
1.2509999999999	0.2459938887144
1.2514999999999	0.2465780923203
1.2519999999999	0.2471602720543
1.2524999999999	0.2477404232332
1.2529999999999	0.2483185411908
1.2534999999999	0.2488946212780
1.2539999999999	0.2494686588627
1.2544999999999	0.2500406493300
1.2549999999999	0.2506105880819
1.2554999999999	0.2511784705378
1.2559999999999	0.2517442921342
1.2564999999999	0.2523080483246
1.2569999999999	0.2528697345802
1.2574999999999	0.2534293463890
1.2579999999999	0.2539868792566
1.2584999999999	0.2545423287058
1.2589999999999	0.2550956902769
1.2594999999999	0.2556469595275
1.2599999999999	0.2561961320326
1.2604999999999	0.2567432033847
1.2609999999999	0.2572881691938
1.2614999999999	0.2578310250874
1.2619999999999	0.2583717667106
1.2624999999999	0.2589103897259
1.2629999999999	0.2594468898136
1.2634999999999	0.2599812626715
1.2639999999999	0.2605135040152
1.2644999999999	0.2610436095777
1.2649999999999	0.2615715751101
1.2654999999999	0.2620973963810
1.2659999999999	0.2626210691768
1.2664999999999	0.2631425893017
1.2669999999999	0.2636619525778
1.2674999999999	0.2641791548449
1.2679999999999	0.2646941919609
1.2684999999999	0.2652070598014
1.2689999999999	0.2657177542601
1.2694999999999	0.2662262712486
1.2699999999999	0.2667326066963
1.2704999999999	0.2672367565510
1.2709999999999	0.2677387167782
1.2714999999999	0.2682384833616
1.2719999999999	0.2687360523031
1.2724999999999	0.2692314196224
1.2729999999999	0.2697245813578
1.2734999999999	0.2702155335653
1.2739999999999	0.2707042723194
1.2744999999999	0.2711907937127
1.2749999999999	0.2716750938561
1.2754999999999	0.2721571688788
1.2759999999999	0.2726370149281
1.2764999999999	0.2731146281699
1.2769999999999	0.2735900047882
1.2774999999999	0.2740631409856
1.2779999999999	0.2745340329828
1.2784999999999	0.2750026770191
1.2789999999999	0.2754690693523
1.2794999999999	0.2759332062586
1.2799999999999	0.2763950840325
1.2804999999999	0.2768546989873
1.2809999999999	0.2773120474546
1.2814999999999	0.2777671257848
1.2819999999999	0.2782199303466
1.2824999999999	0.2786704575275
1.2829999999999	0.2791187037336
1.2834999999999	0.2795646653895
1.2839999999999	0.2800083389387
1.2844999999999	0.2804497208431
1.2849999999999	0.2808888075836
1.2854999999999	0.2813255956597
1.2859999999999	0.2817600815897
1.2864999999999	0.2821922619105
1.2869999999999	0.2826221331781
1.2874999999999	0.2830496919670
1.2879999999999	0.2834749348708
1.2884999999999	0.2838978585018
1.2889999999999	0.2843184594914
1.2894999999999	0.2847367344895
1.2899999999999	0.2851526801654
1.2904999999999	0.2855662932069
1.2909999999999	0.2859775703212
1.2914999999999	0.2863865082340
1.2919999999999	0.2867931036905
1.2924999999999	0.2871973534546
1.2929999999999	0.2875992543092
1.2934999999999	0.2879988030566
1.2939999999999	0.2883959965178
1.2944999999999	0.2887908315331
1.2949999999999	0.2891833049620
1.2954999999999	0.2895734136830
1.2959999999999	0.2899611545937
1.2964999999999	0.2903465246110
1.2969999999999	0.2907295206710
1.2974999999999	0.2911101397289
1.2979999999999	0.2914883787592
1.2984999999999	0.2918642347557
1.2989999999999	0.2922377047315
1.2994999999999	0.2926087857187
1.2999999999999	0.2929774747690
1.3004999999999	0.2933437689534
1.3009999999999	0.2937076653620
1.3014999999999	0.2940691611045
1.3019999999999	0.2944282533099
1.3024999999999	0.2947849391265
1.3029999999999	0.2951392157222
1.3034999999999	0.2954910802841
1.3039999999999	0.2958405300188
1.3044999999999	0.2961875621525
1.3049999999999	0.2965321739307
1.3054999999999	0.2968743626184
1.3059999999999	0.2972141255002
1.3064999999999	0.2975514598802
1.3069999999999	0.2978863630820
1.3074999999999	0.2982188324487
1.3079999999999	0.2985488653430
1.3084999999999	0.2988764591472
1.3089999999999	0.2992016112633
1.3094999999999	0.2995243191127
1.3099999999999	0.2998445801365
1.3104999999999	0.3001623917956
1.3109999999999	0.3004777515703
1.3114999999999	0.3007906569608
1.3119999999999	0.3011011054868
1.3124999999999	0.3014090946877
1.3129999999999	0.3017146221228
1.3134999999999	0.3020176853711
1.3139999999999	0.3023182820310
1.3144999999999	0.3026164097211
1.3149999999999	0.3029120660796
1.3154999999999	0.3032052487643
1.3159999999999	0.3034959554530
1.3164999999999	0.3037841838433
1.3169999999999	0.3040699316525
1.3174999999999	0.3043531966179
1.3179999999999	0.3046339764966
1.3184999999999	0.3049122690653
1.3189999999999	0.3051880721210
1.3194999999999	0.3054613834802
1.3199999999999	0.3057322009796
1.3204999999999	0.3060005224756
1.3209999999999	0.3062663458446
1.3214999999999	0.3065296689830
1.3219999999999	0.3067904898069
1.3224999999999	0.3070488062527
1.3229999999999	0.3073046162765
1.3234999999999	0.3075579178545
1.3239999999999	0.3078087089829
1.3244999999999	0.3080569876778
1.3249999999999	0.3083027519753
1.3254999999999	0.3085459999318
1.3259999999999	0.3087867296234
1.3264999999999	0.3090249391464
1.3269999999999	0.3092606266171
1.3274999999999	0.3094937901720
1.3279999999999	0.3097244279674
1.3284999999999	0.3099525381800
1.3289999999999	0.3101781190065
1.3294999999999	0.3104011686635
1.3299999999999	0.3106216853880
1.3304999999999	0.3108396674370
1.3309999999999	0.3110551130876
1.3314999999999	0.3112680206371
1.3319999999999	0.3114783884029
1.3324999999999	0.3116862147227
1.3329999999999	0.3118914979542
1.3334999999999	0.3120942364754
1.3339999999999	0.3122944286845
1.3344999999999	0.3124920729997
1.3349999999999	0.3126871678597
1.3354999999999	0.3128797117232
1.3359999999999	0.3130697030692
1.3364999999999	0.3132571403970
1.3369999999999	0.3134420222260
1.3374999999999	0.3136243470960
1.3379999999999	0.3138041135669
1.3384999999999	0.3139813202190
1.3389999999999	0.3141559656528
1.3394999999999	0.3143280484892
1.3399999999999	0.3144975673691
1.3404999999999	0.3146645209541
1.3409999999999	0.3148289079257
1.3414999999999	0.3149907269860
1.3419999999999	0.3151499768573
1.3424999999999	0.3153066562823
1.3429999999999	0.3154607640239
1.3434999999999	0.3156122988654
1.3439999999999	0.3157612596105
1.3444999999999	0.3159076450832
1.3449999999999	0.3160514541278
1.3454999999999	0.3161926856091
1.3459999999999	0.3163313384122
1.3464999999999	0.3164674114426
1.3469999999999	0.3166009036260
1.3474999999999	0.3167318139087
1.3479999999999	0.3168601412574
1.3484999999999	0.3169858846591
1.3489999999999	0.3171090431213
1.3494999999999	0.3172296156717
1.3499999999999	0.3173476013586
1.3504999999999	0.3174629992507
1.3509999999999	0.3175758084371
1.3514999999999	0.3176860280273
1.3519999999999	0.3177936571513
1.3524999999999	0.3178986949595
1.3529999999999	0.3180011406228
1.3534999999999	0.3181009933323
1.3539999999999	0.3181982523000
1.3544999999999	0.3182929167579
1.3549999999999	0.3183849859587
1.3554999999999	0.3184744591756
1.3559999999999	0.3185613357021
1.3564999999999	0.3186456148523
1.3569999999999	0.3187272959608
1.3574999999999	0.3188063783825
1.3579999999999	0.3188828614931
1.3584999999999	0.3189567446883
1.3589999999999	0.3190280273848
1.3594999999999	0.3190967090195
1.3599999999999	0.3191627890499
1.3604999999999	0.3192262669539
1.3609999999999	0.3192871422300
1.3614999999999	0.3193454143971
1.3619999999999	0.3194010829947
1.3624999999999	0.3194541475829
1.3629999999999	0.3195046077420
1.3634999999999	0.3195524630732
1.3639999999999	0.3195977131979
1.3644999999999	0.3196403577581
1.3649999999999	0.3196803964164
1.3654999999999	0.3197178288559
1.3659999999999	0.3197526547802
1.3664999999999	0.3197848739135
1.3669999999999	0.3198144860002
1.3674999999999	0.3198414908057
1.3679999999999	0.3198658881157
1.3684999999999	0.3198876777363
1.3689999999999	0.3199068594944
1.3694999999999	0.3199234332372
1.3699999999999	0.3199373988325
1.3704999999999	0.3199487561688
1.3709999999999	0.3199575051549
1.3714999999999	0.3199636457202
1.3719999999999	0.3199671778147
1.3724999999999	0.3199681014090
1.3729999999999	0.3199664164939
1.3734999999999	0.3199621230812
1.3739999999999	0.3199552212029
1.3744999999999	0.3199457109116
1.3749999999999	0.3199335922805
1.3754999999999	0.3199188654034
1.3759999999999	0.3199015303944
1.3764999999999	0.3198815873883
1.3769999999999	0.3198590365405
1.3774999999999	0.3198338780267
1.3779999999999	0.3198061120434
1.3784999999999	0.3197757388074
1.3789999999999	0.3197427585561
1.3794999999999	0.3197071715475
1.3799999999999	0.3196689780602
1.3804999999999	0.3196281783930
1.3809999999999	0.3195847728655
1.3814999999999	0.3195387618177
1.3819999999999	0.3194901456103
1.3824999999999	0.3194389246243
1.3829999999999	0.3193850992613
1.3834999999999	0.3193286699433
1.3839999999999	0.3192696371131
1.3844999999999	0.3192080012338
1.3849999999999	0.3191437627890
1.3854999999999	0.3190769222827
1.3859999999999	0.3190074802398
1.3864999999999	0.3189354372053
1.3869999999999	0.3188607937449
1.3874999999999	0.3187835504446
1.3879999999999	0.3187037079111
1.3884999999999	0.3186212667715
1.3889999999999	0.3185362276735
1.3894999999999	0.3184485912849
1.3899999999999	0.3183583582945
1.3904999999999	0.3182655294112
1.3909999999999	0.3181701053645
1.3914999999999	0.3180720869044
1.3919999999999	0.3179714748011
1.3924999999999	0.3178682698458
1.3929999999999	0.3177624728495
1.3934999999999	0.3176540846442
1.3939999999999	0.3175431060819
1.3944999999999	0.3174295380354
1.3949999999999	0.3173133813978
1.3954999999999	0.3171946370825
1.3959999999999	0.3170733060235
1.3964999999999	0.3169493891752
1.3969999999999	0.3168228875122
1.3974999999999	0.3166938020299
1.3979999999999	0.3165621337438
1.3984999999999	0.3164278836898
1.3989999999999	0.3162910529244
1.3994999999999	0.3161516425243
1.3999999999999	0.3160096535866
1.4004999999999	0.3158650872290
1.4009999999999	0.3157179445892
1.4014999999999	0.3155682268256
1.4019999999999	0.3154159351167
1.4024999999999	0.3152610706615
1.4029999999999	0.3151036346794
1.4034999999999	0.3149436284100
1.4039999999999	0.3147810531132
1.4044999999999	0.3146159100694
1.4049999999999	0.3144482005791
1.4054999999999	0.3142779259634
1.4059999999999	0.3141050875635
1.4064999999999	0.3139296867409
1.4069999999999	0.3137517248774
1.4074999999999	0.3135712033751
1.4079999999999	0.3133881236565
1.4084999999999	0.3132024871641
1.4089999999999	0.3130142953609
1.4094999999999	0.3128235497301
1.4099999999999	0.3126302517749
1.4104999999999	0.3124344030191
1.4109999999999	0.3122360050066
1.4114999999999	0.3120350593013
1.4119999999999	0.3118315674876
1.4124999999999	0.3116255311700
1.4129999999999	0.3114169519731
1.4134999999999	0.3112058315419
1.4139999999999	0.3109921715413
1.4144999999999	0.3107759736566
1.4149999999999	0.3105572395930
1.4154999999999	0.3103359710762
1.4159999999999	0.3101121698517
1.4164999999999	0.3098858376854
1.4169999999999	0.3096569763630
1.4174999999999	0.3094255876907
1.4179999999999	0.3091916734944
1.4184999999999	0.3089552356204
1.4189999999999	0.3087162759349
1.4194999999999	0.3084747963242
1.4199999999999	0.3082307986947
1.4204999999999	0.3079842849728
1.4209999999999	0.3077352571051
1.4214999999999	0.3074837170579
1.4219999999999	0.3072296668178
1.4224999999999	0.3069731083912
1.4229999999999	0.3067140438047
1.4234999999999	0.3064524751048
1.4239999999999	0.3061884043578
1.4244999999999	0.3059218336501
1.4249999999999	0.3056527650882
1.4254999999999	0.3053812007982
1.4259999999999	0.3051071429265
1.4264999999999	0.3048305936390
1.4269999999999	0.3045515551217
1.4274999999999	0.3042700295807
1.4279999999999	0.3039860192415
1.4284999999999	0.3036995263500
1.4289999999999	0.3034105531714
1.4294999999999	0.3031191019912
1.4299999999999	0.3028251751144
1.4304999999999	0.3025287748659
1.4309999999999	0.3022299035906
1.4314999999999	0.3019285636529
1.4319999999999	0.3016247574371
1.4324999999999	0.3013184873473
1.4329999999999	0.3010097558071
1.4334999999999	0.3006985652601
1.4339999999999	0.3003849181696
1.4344999999999	0.3000688170183
1.4349999999999	0.2997502643091
1.4354999999999	0.2994292625640
1.4359999999999	0.2991058143251
1.4364999999999	0.2987799221538
1.4369999999999	0.2984515886315
1.4374999999999	0.2981208163589
1.4379999999999	0.2977876079564
1.4384999999999	0.2974519660640
1.4389999999999	0.2971138933412
1.4394999999999	0.2967733924672
1.4399999999999	0.2964304661406
1.4404999999999	0.2960851170796
1.4409999999999	0.2957373480218
1.4414999999999	0.2953871617243
1.4419999999999	0.2950345609639
1.4424999999999	0.2946795485366
1.4429999999999	0.2943221272578
1.4434999999999	0.2939622999626
1.4439999999999	0.2936000695053
1.4444999999999	0.2932354387596
1.4449999999999	0.2928684106187
1.4454999999999	0.2924989879950
1.4459999999999	0.2921271738203
1.4464999999999	0.2917529710457
1.4469999999999	0.2913763826418
1.4474999999999	0.2909974115981
1.4479999999999	0.2906160609236
1.4484999999999	0.2902323336467
1.4489999999999	0.2898462328148
1.4494999999999	0.2894577614945
1.4499999999999	0.2890669227718
1.4504999999999	0.2886737197516
1.4509999999999	0.2882781555583
1.4514999999999	0.2878802333351
1.4519999999999	0.2874799562445
1.4524999999999	0.2870773274681
1.4529999999999	0.2866723502067
1.4534999999999	0.2862650276798
1.4539999999999	0.2858553631263
1.4544999999999	0.2854433598039
1.4549999999999	0.2850290209895
1.4554999999999	0.2846123499788
1.4559999999999	0.2841933500866
1.4564999999999	0.2837720246467
1.4569999999999	0.2833483770115
1.4574999999999	0.2829224105526
1.4579999999999	0.2824941286605
1.4584999999999	0.2820635347444
1.4589999999999	0.2816306322324
1.4594999999999	0.2811954245715
1.4599999999999	0.2807579152273
1.4604999999999	0.2803181076844
1.4609999999999	0.2798760054462
1.4614999999999	0.2794316120344
1.4619999999999	0.2789849309900
1.4624999999999	0.2785359658723
1.4629999999999	0.2780847202594
1.4634999999999	0.2776311977479
1.4639999999999	0.2771754019533
1.4644999999999	0.2767173365096
1.4649999999999	0.2762570050692
1.4654999999999	0.2757944113032
1.4659999999999	0.2753295589013
1.4664999999999	0.2748624515716
1.4669999999999	0.2743930930408
1.4674999999999	0.2739214870538
1.4679999999999	0.2734476373743
1.4684999999999	0.2729715477842
1.4689999999999	0.2724932220838
1.4694999999999	0.2720126640919
1.4699999999999	0.2715298776455
1.4704999999999	0.2710448665999
1.4709999999999	0.2705576348289
1.4714999999999	0.2700681862244
1.4719999999999	0.2695765246965
1.4724999999999	0.2690826541738
1.4729999999999	0.2685865786026
1.4734999999999	0.2680883019480
1.4739999999999	0.2675878281928
1.4744999999999	0.2670851613379
1.4749999999999	0.2665803054026
1.4754999999999	0.2660732644241
1.4759999999999	0.2655640424577
1.4764999999999	0.2650526435764
1.4769999999999	0.2645390718718
1.4774999999999	0.2640233314528
1.4779999999999	0.2635054264468
1.4784999999999	0.2629853609987
1.4789999999999	0.2624631392715
1.4794999999999	0.2619387654461
1.4799999999999	0.2614122437209
1.4804999999999	0.2608835783126
1.4809999999999	0.2603527734551
1.4814999999999	0.2598198334007
1.4819999999999	0.2592847624187
1.4824999999999	0.2587475647967
1.4829999999999	0.2582082448397
1.4834999999999	0.2576668068702
1.4839999999999	0.2571232552286
1.4844999999999	0.2565775942726
1.4849999999999	0.2560298283777
1.4854999999999	0.2554799619366
1.4859999999999	0.2549279993599
1.4864999999999	0.2543739450753
1.4869999999999	0.2538178035280
1.4874999999999	0.2532595791808
1.4879999999999	0.2526992765137
1.4884999999999	0.2521369000240
1.4889999999999	0.2515724542263
1.4894999999999	0.2510059436528
1.4899999999999	0.2504373728525
1.4904999999999	0.2498667463919
1.4909999999999	0.2492940688545
1.4914999999999	0.2487193448412
1.4919999999999	0.2481425789697
1.4924999999999	0.2475637758752
1.4929999999999	0.2469829402095
1.4934999999999	0.2464000766418
1.4939999999999	0.2458151898581
1.4944999999999	0.2452282845615
1.4949999999999	0.2446393654719
1.4954999999999	0.2440484373261
1.4959999999999	0.2434555048778
1.4964999999999	0.2428605728977
1.4969999999999	0.2422636461730
1.4974999999999	0.2416647295079
1.4979999999999	0.2410638277233
1.4984999999999	0.2404609456567
1.4989999999999	0.2398560881623
1.4994999999999	0.2392492601110
1.4999999999999	0.2386404663902
1.5004999999999	0.2380297119041
